id,hhb,hbo2,ca,na
10000,6.016408,3.770874,8.522151,2.7798114
10001,6.016408,3.770874,8.522151,2.7798114
10002,6.016408,3.770874,8.522151,2.7798114
10003,6.016408,3.770874,8.522151,2.7798114
10004,29.438828,6.142928,14.766009,6.192519
10005,20.106256,5.1977925,12.278168,4.8327394
10006,24.794035,5.672538,13.527819,5.515761
10007,29.333431,6.132255,14.737913,6.177163
10008,24.798336,5.672973,13.528965,5.516388
10009,29.28381,6.12723,14.724686,6.169933
10010,15.540105,4.735366,11.060941,4.167439
10011,15.385631,4.719722,11.019761,4.1449313
10012,20.05545,5.1926475,12.264626,4.825337
10013,24.764832,5.66958,13.520033,5.5115056
10014,15.391104,4.720276,11.021221,4.145729
10015,24.922716,5.68557,13.56212,5.53451
10016,15.536996,4.7350507,11.060112,4.166986
10017,15.389064,4.7200694,11.020677,4.145432
10018,24.85075,5.6782813,13.542938,5.5240245
10019,24.954933,5.688832,13.57071,5.5392036
10020,29.427574,6.141789,14.76301,6.19088
10021,15.396182,4.7207904,11.022574,4.146469
10022,20.098747,5.197032,12.276165,4.831645
10023,29.506676,6.1498,14.784098,6.2024055
10024,29.524536,6.1516085,14.7888565,6.205007
10025,24.777153,5.6708274,13.523317,5.5133004
10026,15.386041,4.719763,11.019871,4.144991
10027,29.444088,6.1434617,14.767412,6.1932855
10028,29.598541,6.1591034,14.808586,6.2157907
10029,15.432689,4.7244873,11.032306,4.1517878
10030,29.35247,6.134183,14.742989,6.179937
10031,24.830238,5.6762033,13.537469,5.5210357
10032,20.212471,5.2085495,12.306482,4.8482146
10033,20.145515,5.201769,12.288633,4.8384595
10034,15.506451,4.7319574,11.05197,4.162535
10035,20.056261,5.1927295,12.26484,4.825454
10036,20.196018,5.2068834,12.302096,4.845818
10037,24.649815,5.657932,13.489373,5.494747
10038,24.77358,5.6704655,13.522365,5.51278
10039,29.418968,6.1409173,14.7607155,6.1896257
10040,24.88668,5.681919,13.552515,5.529259
10041,20.102505,5.197413,12.277168,4.8321924
10042,24.814493,5.6746087,13.533272,5.518741
10043,15.363372,4.717468,11.013828,4.1416883
10044,29.430794,6.142115,14.763866,6.191348
10045,24.794085,5.6725426,13.527832,5.515768
10046,29.404552,6.1394577,14.756874,6.1875253
10047,15.457938,4.7270446,11.039038,4.155467
10048,15.65339,4.7468386,11.091139,4.1839447
10049,15.64036,4.7455187,11.087667,4.182046
10050,20.29483,5.2168903,12.328437,4.8602147
10051,24.78751,5.6718764,13.526079,5.51481
10052,29.45668,6.144737,14.770769,6.1951203
10053,20.238853,5.211221,12.313516,4.852059
10054,29.35616,6.1345563,14.743973,6.1804743
10055,15.476335,4.728908,11.0439415,4.158148
10056,29.308859,6.1297665,14.731363,6.173582
10057,20.098925,5.19705,12.276214,4.831671
10058,24.742283,5.6672964,13.514023,5.5082207
10059,15.482972,4.72958,11.045711,4.1591144
10060,29.4745,6.1465406,14.775518,6.1977167
10061,15.524124,4.7337475,11.056681,4.1651106
10062,29.551395,6.1543283,14.796017,6.2089205
10063,29.563267,6.1555305,14.799182,6.21065
10064,24.90078,5.6833477,13.556274,5.5313134
10065,15.636345,4.745112,11.086596,4.181461
10066,29.560223,6.155223,14.79837,6.2102075
10067,20.260738,5.2134376,12.319349,4.855248
10068,29.477633,6.146858,14.776354,6.198173
10069,19.97718,5.1847205,12.24376,4.8139324
10070,24.73851,5.666914,13.513018,5.507671
10071,29.480255,6.1471233,14.777053,6.1985545
10072,24.80487,5.673635,13.530707,5.51734
10073,29.613173,6.160585,14.812487,6.217921
10074,29.417717,6.1407905,14.760382,6.189443
10075,15.491164,4.7304096,11.0478945,4.160308
10076,15.4865885,4.729946,11.046675,4.1596413
10077,20.174282,5.2046824,12.296303,4.842651
10078,24.76049,5.669141,13.518875,5.5108733
10079,20.06981,5.194102,12.268453,4.827429
10080,29.39278,6.138265,14.753735,6.1858106
10081,24.728727,5.6659236,13.510409,5.506245
10082,24.796535,5.6727905,13.528484,5.5161247
10083,24.864176,5.679641,13.546516,5.5259805
10084,24.703083,5.6633263,13.503572,5.5025086
10085,20.048859,5.1919794,12.262867,4.8243756
10086,24.925291,5.68583,13.562808,5.534885
10087,20.001635,5.1871977,12.250279,4.817496
10088,29.564842,6.1556907,14.799602,6.2108803
10089,20.20184,5.207473,12.303648,4.846666
10090,15.317077,4.7127795,11.001486,4.1349435
10091,15.4565115,4.7269,11.038656,4.155259
10092,15.515601,4.7328844,11.054408,4.1638684
10093,15.665022,4.7480164,11.09424,4.18564
10094,15.614729,4.7429233,11.080833,4.178312
10095,29.45233,6.144296,14.769609,6.194486
10096,24.723488,5.6653924,13.509012,5.5054812
10097,24.82877,5.676055,13.537078,5.520822
10098,29.30505,6.1293807,14.730349,6.1730275
10099,29.29594,6.1284575,14.727919,6.1716995
10100,29.48555,6.1476603,14.778465,6.199327
10101,24.845745,5.6777744,13.541603,5.523295
10102,15.5812235,4.73953,11.071901,4.17343
10103,29.296362,6.128501,14.728033,6.1717615
10104,15.402207,4.7214003,11.024179,4.1473465
10105,15.503325,4.731641,11.051136,4.16208
10106,15.365075,4.7176404,11.014282,4.141937
10107,24.82995,5.676175,13.537392,5.5209937
10108,15.554988,4.736873,11.064908,4.169607
10109,29.592299,6.158471,14.806921,6.2148805
10110,15.499904,4.731294,11.050224,4.161581
10111,29.588669,6.158104,14.805954,6.214351
10112,29.535995,6.152769,14.791912,6.206676
10113,20.173182,5.2045703,12.296009,4.8424907
10114,20.069334,5.1940536,12.268326,4.8273597
10115,29.297527,6.1286187,14.728342,6.171931
10116,15.670112,4.748532,11.095597,4.186381
10117,24.626453,5.655566,13.483146,5.491343
10118,20.297874,5.2171984,12.329248,4.860658
10119,15.635986,4.745076,11.086501,4.181409
10120,15.509214,4.7322373,11.052706,4.162938
10121,29.498608,6.1489825,14.781945,6.201229
10122,20.163519,5.2035913,12.293432,4.841082
10123,15.517182,4.733044,11.054831,4.1640987
10124,29.465181,6.145597,14.773035,6.1963587
10125,20.191103,5.2063856,12.300787,4.845101
10126,20.326468,5.2200937,12.336872,4.864825
10127,29.357212,6.1346636,14.744253,6.180628
10128,24.703747,5.663394,13.50375,5.502606
10129,29.590113,6.15825,14.806339,6.214562
10130,15.363924,4.7175236,11.013975,4.1417685
10131,20.086124,5.195754,12.2728,4.829806
10132,20.169817,5.2042294,12.295112,4.842
10133,24.715446,5.664579,13.506868,5.50431
10134,20.068275,5.1939464,12.2680435,4.8272057
10135,24.943842,5.687709,13.567753,5.5375876
10136,29.410957,6.1401052,14.75858,6.188458
10137,20.181177,5.20538,12.298141,4.8436556
10138,24.873486,5.6805835,13.548998,5.527337
10139,15.444795,4.7257137,11.035533,4.1535516
10140,20.129238,5.20012,12.284295,4.8360877
10141,15.659619,4.7474694,11.0928,4.184852
10142,24.712273,5.664257,13.506023,5.503847
10143,20.124495,5.19964,12.2830305,4.8353963
10144,29.523127,6.1514654,14.788481,6.204801
10145,24.874401,5.680676,13.549242,5.527471
10146,15.440249,4.725253,11.034322,4.1528897
10147,29.551582,6.154348,14.796066,6.2089477
10148,15.360208,4.7171474,11.012985,4.1412277
10149,24.909847,5.6842656,13.558691,5.5326343
10150,15.55618,4.736994,11.065227,4.1697807
10151,20.065819,5.1936975,12.267388,4.826848
10152,15.420802,4.7232833,11.029138,4.150056
10153,20.169777,5.204226,12.2951,4.8419943
10154,20.096813,5.1968365,12.27565,4.831363
10155,15.556227,4.7369986,11.065238,4.169788
10156,24.727512,5.6658006,13.510085,5.506068
10157,24.970057,5.6903634,13.574741,5.541408
10158,20.0935,5.196501,12.274767,4.8308806
10159,20.20633,5.2079277,12.304846,4.84732
10160,29.467941,6.145877,14.773771,6.1967607
10161,29.441315,6.1431804,14.766672,6.1928816
10162,20.138195,5.2010274,12.286683,4.8373933
10163,20.067383,5.1938562,12.267806,4.8270755
10164,24.838263,5.6770167,13.539609,5.5222044
10165,20.283928,5.2157865,12.32553,4.8586264
10166,29.46493,6.1455717,14.772968,6.1963224
10167,29.493004,6.1484156,14.780452,6.2004128
10168,20.092894,5.196439,12.274605,4.830792
10169,29.386646,6.1376443,14.752099,6.1849155
10170,29.510803,6.1502175,14.785197,6.2030063
10171,29.30287,6.1291595,14.729765,6.17271
10172,20.209576,5.2082562,12.305711,4.8477936
10173,29.445553,6.14361,14.767801,6.193499
10174,15.652566,4.746755,11.0909195,4.1838245
10175,20.17514,5.204769,12.296532,4.842776
10176,29.529652,6.1521263,14.790221,6.205752
10177,15.61868,4.7433233,11.081887,4.1788874
10178,24.609318,5.6538305,13.478577,5.488847
10179,15.660687,4.7475777,11.093085,4.185008
10180,24.938156,5.687133,13.5662365,5.5367594
10181,29.487328,6.147841,14.778938,6.199586
10182,29.550003,6.154188,14.795647,6.208718
10183,29.421406,6.141165,14.761366,6.189981
10184,24.794699,5.672605,13.527996,5.5158577
10185,15.429435,4.7241583,11.031439,4.151314
10186,20.108847,5.1980553,12.278859,4.8331165
10187,29.400911,6.1390886,14.755901,6.1869946
10188,29.449917,6.144051,14.768965,6.194134
10189,15.399518,4.721128,11.023464,4.146955
10190,15.503771,4.731686,11.051254,4.162145
10191,24.976421,5.6910086,13.576437,5.5423346
10192,29.338291,6.1327467,14.739209,6.177871
10193,24.728437,5.665894,13.51033,5.5062027
10194,15.528962,4.734237,11.05797,4.165815
10195,15.5088825,4.732204,11.052617,4.16289
10196,15.423373,4.723544,11.029822,4.1504307
10197,15.395194,4.7206903,11.02231,4.146325
10198,20.17556,5.2048116,12.296642,4.8428373
10199,15.516198,4.7329445,11.054567,4.1639557
10200,20.098854,5.197043,12.276196,4.8316607
10201,29.387466,6.1377277,14.752317,6.185036
10202,20.15954,5.203189,12.292373,4.8405027
10203,29.446552,6.143711,14.76807,6.193645
10204,20.050995,5.1921964,12.263437,4.8246875
10205,20.155535,5.202783,12.291305,4.839919
10206,29.276003,6.126439,14.722605,6.168794
10207,20.214838,5.2087893,12.307113,4.84856
10208,15.591334,4.740554,11.074597,4.174903
10209,20.136616,5.200867,12.286262,4.837162
10210,15.536159,4.7349663,11.059889,4.166864
10211,24.848068,5.67801,13.542223,5.5236335
10212,20.118057,5.198988,12.281313,4.834459
10213,15.632362,4.744709,11.085535,4.180881
10214,15.339414,4.715041,11.0074415,4.1381974
10215,20.074772,5.194605,12.269775,4.828152
10216,15.454234,4.7266693,11.038049,4.1549273
10217,24.716778,5.664714,13.507224,5.5045047
10218,15.475471,4.72882,11.043711,4.1580215
10219,20.085667,5.1957073,12.272679,4.829739
10220,29.40178,6.1391764,14.756132,6.18712
10221,20.119036,5.199087,12.281575,4.834601
10222,29.395725,6.1385636,14.7545185,6.1862392
10223,15.566838,4.7380733,11.068067,4.171334
10224,24.86558,5.679783,13.54689,5.526185
10225,29.5309,6.1522527,14.790554,6.205934
10226,15.395978,4.7207694,11.02252,4.1464396
10227,15.445463,4.7257814,11.035711,4.1536493
10228,24.782051,5.671324,13.524624,5.5140142
10229,20.16151,5.203388,12.292898,4.84079
10230,24.782127,5.6713314,13.524645,5.514025
10231,20.10096,5.197256,12.276756,4.831968
10232,20.128857,5.200082,12.284193,4.8360324
10233,15.391587,4.720325,11.02135,4.1457996
10234,29.36868,6.1358247,14.747311,6.1822987
10235,15.494198,4.730716,11.048703,4.1607504
10236,20.280708,5.2154603,12.324673,4.8581567
10237,20.296108,5.21702,12.328779,4.8604016
10238,29.503174,6.1494455,14.783163,6.2018948
10239,24.782625,5.671382,13.524776,5.5140986
10240,15.533695,4.7347164,11.059232,4.166505
10241,29.447533,6.1438103,14.76833,6.193787
10242,15.516501,4.7329755,11.054648,4.1639996
10243,24.900154,5.683284,13.5561075,5.5312223
10244,24.825497,5.6757236,13.536205,5.520345
10245,29.538124,6.1529846,14.792479,6.206987
10246,29.472666,6.146355,14.77503,6.1974497
10247,29.612339,6.1605,14.812262,6.2178
10248,15.367707,4.7179065,11.014984,4.14232
10249,29.593193,6.1585617,14.807159,6.21501
10250,24.79268,5.6724005,13.527457,5.5155635
10251,20.105917,5.197758,12.278078,4.83269
10252,20.174227,5.204676,12.296288,4.842643
10253,20.091696,5.1963177,12.274286,4.8306174
10254,29.3527,6.1342063,14.74305,6.1799703
10255,24.64983,5.657933,13.489377,5.4947495
10256,29.340885,6.13301,14.739901,6.178249
10257,20.059822,5.19309,12.265789,4.825973
10258,29.497683,6.1488886,14.781698,6.201094
10259,15.427211,4.7239327,11.030846,4.15099
10260,29.552973,6.1544886,14.796438,6.2091503
10261,20.087313,5.195874,12.273119,4.8299794
10262,15.5717535,4.7385707,11.069378,4.17205
10263,20.213587,5.208662,12.30678,4.8483777
10264,20.066563,5.193773,12.267587,4.826956
10265,24.781284,5.671246,13.524419,5.5139027
10266,29.47953,6.147051,14.776861,6.1984496
10267,15.565068,4.737894,11.0675955,4.1710763
10268,15.391841,4.7203507,11.021417,4.1458364
10269,15.627706,4.7442374,11.084292,4.1802025
10270,15.360707,4.717198,11.013118,4.1413
10271,15.610431,4.742488,11.079687,4.1776853
10272,20.225105,5.2098293,12.309851,4.850056
10273,20.053942,5.1924944,12.264223,4.825117
10274,24.651224,5.658075,13.489748,5.494952
10275,20.235872,5.2109194,12.312719,4.8516245
10276,29.319036,6.1307964,14.7340765,6.1750655
10277,24.682549,5.661247,13.498098,5.499517
10278,15.659865,4.747494,11.092866,4.1848884
10279,15.568284,4.7382197,11.068453,4.1715446
10280,15.518434,4.733171,11.055164,4.1642814
10281,20.16985,5.204233,12.29512,4.8420053
10282,15.342341,4.7153373,11.008222,4.138624
10283,29.425898,6.141619,14.762563,6.190635
10284,20.115227,5.1987014,12.28056,4.8340464
10285,15.475639,4.728837,11.043756,4.1580462
10286,29.577599,6.156983,14.803002,6.2127385
10287,15.397452,4.720919,11.022913,4.146654
10288,29.483076,6.1474094,14.777804,6.1989655
10289,24.756138,5.6686993,13.517716,5.510239
10290,29.328182,6.1317234,14.736515,6.1763973
10291,29.400814,6.139079,14.755876,6.1869802
10292,29.49823,6.1489444,14.781845,6.2011743
10293,15.536498,4.7350006,11.059979,4.166913
10294,20.187403,5.206011,12.2998,4.8445625
10295,24.823013,5.675472,13.535543,5.5199833
10296,15.38167,4.7193203,11.018705,4.1443543
10297,15.537061,4.735058,11.060129,4.1669955
10298,29.402435,6.139243,14.7563095,6.1872168
10299,20.27504,5.2148867,12.323162,4.8573318
10300,24.786852,5.67181,13.525904,5.514714
10301,24.65578,5.658536,13.490963,5.4956164
10302,24.8872,5.6819725,13.552654,5.529335
10303,29.629147,6.162203,14.816744,6.2202487
10304,29.572357,6.156451,14.801605,6.2119746
10305,20.097017,5.1968565,12.275705,4.831393
10306,20.196957,5.2069783,12.302347,4.8459544
10307,29.429089,6.1419425,14.763414,6.1911006
10308,15.521436,4.7334747,11.0559635,4.1647186
10309,29.323248,6.1312237,14.735199,6.1756787
10310,29.504295,6.149559,14.783463,6.202058
10311,15.560002,4.7373805,11.066244,4.1703377
10312,29.315468,6.1304355,14.733125,6.174546
10313,15.516028,4.7329273,11.0545225,4.163931
10314,24.781097,5.671227,13.52437,5.513876
10315,20.199766,5.207262,12.303095,4.8463635
10316,24.610481,5.653949,13.478888,5.4890165
10317,15.588006,4.7402167,11.0737095,4.1744184
10318,29.564936,6.1556997,14.799627,6.210893
10319,15.426457,4.7238564,11.030645,4.1508803
10320,24.679161,5.6609035,13.497196,5.499023
10321,29.352026,6.1341386,14.742872,6.179872
10322,15.461146,4.7273693,11.039892,4.1559343
10323,24.629444,5.6558685,13.483942,5.491779
10324,29.456985,6.1447678,14.770849,6.195164
10325,24.816107,5.6747727,13.533703,5.5189767
10326,24.835327,5.6767187,13.538826,5.521777
10327,20.140533,5.2012644,12.287306,4.8377333
10328,15.519938,4.7333236,11.055565,4.1645
10329,15.583162,4.7397265,11.072419,4.1737123
10330,15.55972,4.737352,11.06617,4.1702967
10331,20.106606,5.197828,12.278262,4.8327904
10332,15.597777,4.7412066,11.076315,4.175842
10333,29.42118,6.141141,14.761305,6.189948
10334,29.308186,6.1296983,14.731184,6.1734843
10335,15.540189,4.735374,11.060964,4.1674514
10336,15.574609,4.73886,11.070139,4.1724663
10337,24.790585,5.6721883,13.526898,5.5152583
10338,29.521748,6.1513267,14.788113,6.2046003
10339,20.193869,5.2066655,12.301523,4.8455043
10340,15.445015,4.7257357,11.035592,4.153584
10341,24.734911,5.6665497,13.512057,5.507146
10342,20.048746,5.191968,12.262836,4.82436
10343,29.47697,6.1467915,14.776178,6.1980767
10344,24.74418,5.667488,13.514528,5.5084968
10345,15.537968,4.7351494,11.060371,4.1671276
10346,29.538845,6.153057,14.792673,6.207092
10347,29.465666,6.1456466,14.773164,6.19643
10348,20.070248,5.194146,12.268569,4.827492
10349,15.5014715,4.7314534,11.050642,4.16181
10350,20.115389,5.1987176,12.280602,4.8340697
10351,20.188217,5.2060933,12.300016,4.8446813
10352,20.23259,5.2105865,12.311846,4.851146
10353,20.188332,5.2061048,12.300048,4.844698
10354,20.008944,5.1879377,12.252228,4.8185606
10355,20.048933,5.191987,12.262888,4.8243866
10356,29.52338,6.151491,14.788549,6.204839
10357,15.423173,4.7235236,11.02977,4.1504016
10358,15.401561,4.721335,11.024009,4.1472526
10359,24.814487,5.674608,13.53327,5.5187407
10360,15.438534,4.7250795,11.033864,4.15264
10361,15.539993,4.7353544,11.060911,4.167423
10362,20.061232,5.193233,12.266167,4.826179
10363,29.477518,6.1468472,14.776323,6.1981564
10364,29.515074,6.1506495,14.786334,6.203628
10365,24.760422,5.669133,13.518858,5.510863
10366,24.84198,5.677393,13.5406,5.5227466
10367,15.432122,4.72443,11.032155,4.1517053
10368,29.577038,6.1569257,14.802853,6.212657
10369,24.694197,5.662426,13.501204,5.501214
10370,24.750204,5.668099,13.516134,5.5093737
10371,29.366291,6.135583,14.746674,6.1819506
10372,24.81396,5.6745553,13.53313,5.518664
10373,20.088312,5.1959753,12.273384,4.830125
10374,15.489114,4.7302017,11.047348,4.1600094
10375,15.5542555,4.736799,11.0647135,4.169501
10376,29.493881,6.1485033,14.780685,6.2005405
10377,15.56195,4.7375784,11.066764,4.170622
10378,24.68452,5.6614466,13.498624,5.499804
10379,29.342136,6.1331363,14.740234,6.178431
10380,15.556375,4.7370133,11.065277,4.16981
10381,29.581743,6.157402,14.804108,6.2133417
10382,20.068632,5.1939826,12.268139,4.8272576
10383,24.847546,5.677956,13.542082,5.523557
10384,20.152807,5.2025075,12.290577,4.839522
10385,29.41418,6.140433,14.75944,6.1889286
10386,24.859022,5.679119,13.545143,5.525229
10387,15.455356,4.7267833,11.038348,4.155091
10388,29.552244,6.1544147,14.796244,6.2090445
10389,29.311707,6.1300545,14.732122,6.1739974
10390,19.993235,5.186347,12.248039,4.8162723
10391,24.804811,5.6736293,13.530691,5.5173306
10392,24.685284,5.6615243,13.498829,5.4999156
10393,20.113743,5.198551,12.280165,4.8338304
10394,15.536519,4.7350025,11.059984,4.1669164
10395,24.70781,5.663805,13.504833,5.503197
10396,20.027086,5.189775,12.257063,4.8212037
10397,29.603678,6.1596236,14.809955,6.2165384
10398,29.319798,6.130874,14.73428,6.175176
10399,29.51403,6.150545,14.786057,6.2034764
10400,29.315655,6.1304545,14.733174,6.1745725
10401,29.537466,6.152918,14.792305,6.2068915
10402,20.102468,5.197409,12.277159,4.832187
10403,15.4622135,4.7274776,11.040176,4.15609
10404,24.83157,5.676338,13.537824,5.5212293
10405,24.734306,5.666488,13.511896,5.507058
10406,15.673877,4.7489133,11.0966015,4.18693
10407,20.223534,5.2096696,12.309432,4.849827
10408,15.426858,4.723897,11.030752,4.1509385
10409,20.24947,5.2122965,12.316344,4.8536053
10410,24.897875,5.6830535,13.555499,5.53089
10411,20.191206,5.206396,12.300814,4.8451166
10412,15.541448,4.735502,11.061298,4.167634
10413,15.508954,4.7322106,11.052636,4.1629
10414,24.740908,5.667157,13.513655,5.50802
10415,29.320435,6.1309385,14.734449,6.1752696
10416,15.571481,4.7385435,11.069304,4.1720104
10417,29.411404,6.1401505,14.758698,6.1885233
10418,29.52069,6.1512194,14.787832,6.204447
10419,29.392653,6.1382523,14.7537,6.1857915
10420,29.33061,6.131969,14.737162,6.1767516
10421,15.657216,4.7472258,11.092159,4.184502
10422,29.380068,6.1369777,14.750345,6.183958
10423,15.548022,4.736168,11.063051,4.1685925
10424,20.111362,5.1983104,12.27953,4.833483
10425,20.042412,5.1913266,12.261148,4.8234363
10426,29.46088,6.1451626,14.771889,6.1957316
10427,20.209282,5.208226,12.305632,4.84775
10428,29.57442,6.156661,14.8021555,6.212275
10429,24.926752,5.685978,13.563198,5.535098
10430,29.405602,6.139564,14.757153,6.187678
10431,20.225727,5.209892,12.310017,4.850147
10432,20.251759,5.212528,12.316956,4.853939
10433,24.751541,5.668234,13.516491,5.5095687
10434,20.08399,5.195538,12.272232,4.829495
10435,29.395557,6.138547,14.754476,6.1862154
10436,20.189678,5.206241,12.300406,4.844894
10437,20.29795,5.217206,12.329269,4.8606696
10438,29.456156,6.1446834,14.770628,6.1950436
10439,29.416052,6.1406226,14.759938,6.1892014
10440,15.626033,4.744068,11.083847,4.179959
10441,20.00914,5.1879573,12.252279,4.818589
10442,24.886477,5.6818995,13.552462,5.52923
10443,29.456203,6.1446886,14.770642,6.1950507
10444,24.722565,5.6652994,13.508766,5.5053477
10445,15.601689,4.7416024,11.077357,4.1764116
10446,29.462925,6.1453695,14.772434,6.1960306
10447,29.52525,6.151681,14.789048,6.205111
10448,20.278553,5.215242,12.324099,4.857844
10449,25.017368,5.6951547,13.587353,5.5483007
10450,15.647077,4.7461987,11.089457,4.183025
10451,24.72613,5.6656604,13.509716,5.505866
10452,15.560271,4.737408,11.066317,4.1703773
10453,29.409182,6.1399255,14.758106,6.1882
10454,15.573615,4.7387595,11.069874,4.1723213
10455,20.203888,5.2076807,12.304194,4.8469653
10456,15.42998,4.724213,11.031584,4.1513934
10457,24.926685,5.6859713,13.56318,5.535088
10458,15.543599,4.7357197,11.0618725,4.1679482
10459,20.291586,5.216562,12.327574,4.8597426
10460,15.413253,4.722519,11.027125,4.1489563
10461,29.418427,6.1408625,14.760571,6.189547
10462,15.616813,4.7431345,11.081388,4.178615
10463,29.36159,6.1351066,14.745419,6.1812654
10464,20.176907,5.204948,12.297001,4.843033
10465,29.307817,6.129661,14.731085,6.1734304
10466,24.703152,5.663333,13.503592,5.5025187
10467,20.085754,5.195717,12.272704,4.8297524
10468,15.468932,4.728158,11.041967,4.1570687
10469,15.436492,4.7248726,11.033319,4.1523423
10470,20.048523,5.191946,12.262779,4.8243275
10471,29.44239,6.1432896,14.76696,6.1930385
10472,15.66617,4.748133,11.094547,4.185807
10473,29.530085,6.1521707,14.790337,6.205815
10474,20.063274,5.19344,12.26671,4.8264766
10475,20.188652,5.2061367,12.300132,4.844744
10476,15.655214,4.747023,11.091626,4.1842103
10477,20.158384,5.2030716,12.292065,4.8403344
10478,20.080477,5.195182,12.271296,4.828983
10479,24.933434,5.6866546,13.564979,5.5360713
10480,29.344873,6.1334133,14.740964,6.1788297
10481,24.812004,5.6743574,13.532608,5.5183787
10482,20.326328,5.2200804,12.336834,4.864804
10483,20.166649,5.203909,12.294268,4.8415384
10484,15.590339,4.7404532,11.074332,4.174758
10485,29.48792,6.1479,14.779097,6.199672
10486,20.095154,5.1966686,12.275209,4.831122
10487,24.736515,5.666712,13.5124855,5.5073795
10488,24.932808,5.6865916,13.564812,5.5359797
10489,20.173693,5.2046223,12.296145,4.842565
10490,29.316603,6.1305504,14.733427,6.1747108
10491,20.069937,5.194114,12.268487,4.827447
10492,19.996103,5.1866374,12.248804,4.8166895
10493,15.378822,4.7190323,11.017947,4.1439395
10494,24.613712,5.654275,13.479748,5.489487
10495,24.698309,5.6628428,13.5023,5.5018134
10496,20.198246,5.207109,12.3026905,4.846143
10497,15.438277,4.7250533,11.033796,4.1526027
10498,15.632748,4.744748,11.085637,4.1809373
10499,15.562594,4.7376432,11.0669365,4.170716
10500,29.470379,6.146124,14.774421,6.1971164
10501,15.652861,4.7467847,11.090999,4.1838675
10502,15.528187,4.7341585,11.057764,4.1657023
10503,15.509677,4.732284,11.05283,4.1630054
10504,15.488274,4.730117,11.047124,4.159887
10505,15.6673155,4.7482486,11.0948515,4.1859736
10506,15.605707,4.7420096,11.078428,4.176997
10507,29.338963,6.1328154,14.7393875,6.177969
10508,20.270607,5.214437,12.3219795,4.856685
10509,20.247746,5.2121215,12.315886,4.853354
10510,29.447384,6.143795,14.7682905,6.1937656
10511,29.350948,6.1340284,14.742582,6.1797147
10512,24.713488,5.66438,13.506347,5.504025
10513,20.121384,5.199325,12.2822,4.8349433
10514,24.706038,5.6636257,13.50436,5.502939
10515,20.090534,5.196201,12.273977,4.8304486
10516,29.340107,6.132931,14.739693,6.1781354
10517,29.300447,6.1289144,14.72912,6.172357
10518,24.827435,5.67592,13.536721,5.520627
10519,20.199394,5.2072253,12.302998,4.84631
10520,15.40458,4.7216406,11.024813,4.1476927
10521,29.400526,6.1390495,14.755798,6.186939
10522,29.285763,6.127427,14.725206,6.170217
10523,29.592005,6.158441,14.806843,6.214837
10524,15.686285,4.7501698,11.099909,4.188738
10525,29.309246,6.1298056,14.731466,6.1736393
10526,24.903141,5.683587,13.556904,5.5316577
10527,29.357708,6.134713,14.744386,6.180701
10528,20.10701,5.1978693,12.27837,4.832849
10529,29.375042,6.136469,14.749007,6.1832256
10530,24.942858,5.6876087,13.567492,5.5374446
10531,20.191809,5.2064567,12.300974,4.8452044
10532,15.535256,4.7348747,11.0596485,4.1667323
10533,29.326511,6.1315536,14.736069,6.176154
10534,29.587515,6.1579866,14.805647,6.214184
10535,24.825949,5.67577,13.536325,5.52041
10536,15.491103,4.7304034,11.047877,4.160299
10537,15.303448,4.7113986,10.997854,4.1329575
10538,15.6049185,4.7419295,11.078218,4.1768823
10539,20.249083,5.2122574,12.316242,4.8535495
10540,24.846304,5.6778307,13.541751,5.5233765
10541,29.266094,6.1254354,14.719963,6.1673512
10542,29.568247,6.1560354,14.800509,6.211376
10543,24.788216,5.671948,13.526267,5.5149126
10544,15.450298,4.7262707,11.037001,4.1543536
10545,29.521437,6.1512938,14.788031,6.2045555
10546,24.6779,5.660776,13.49686,5.4988394
10547,20.062529,5.1933646,12.266512,4.8263683
10548,24.878584,5.6811,13.550358,5.5280805
10549,24.698532,5.6628656,13.502359,5.501846
10550,29.365835,6.135537,14.7465515,6.181884
10551,29.547878,6.1539726,14.79508,6.2084074
10552,24.706688,5.6636915,13.504534,5.503034
10553,24.65342,5.6582966,13.490334,5.495272
10554,29.255093,6.124321,14.7170315,6.165748
10555,24.90601,5.6838775,13.557669,5.532076
10556,15.411338,4.7223253,11.026615,4.1486773
10557,29.48558,6.147663,14.778473,6.199331
10558,15.467437,4.7280064,11.041569,4.156851
10559,20.309889,5.2184153,12.332452,4.862409
10560,29.370293,6.135988,14.74774,6.182533
10561,24.748142,5.6678896,13.515583,5.5090737
10562,29.350048,6.133937,14.742344,6.179583
10563,29.405523,6.139555,14.75713,6.1876664
10564,29.451033,6.144165,14.769264,6.1942983
10565,15.571058,4.7385006,11.069193,4.171949
10566,24.754602,5.668544,13.517307,5.510016
10567,29.57362,6.1565795,14.801941,6.2121587
10568,20.114754,5.1986537,12.280434,4.833977
10569,15.406635,4.721849,11.025361,4.1479917
10570,20.141043,5.2013154,12.287441,4.837807
10571,20.192677,5.206545,12.301207,4.845331
10572,20.003803,5.187417,12.250856,4.817812
10573,24.607723,5.6536694,13.478152,5.4886146
10574,29.49056,6.1481676,14.779801,6.200057
10575,29.336372,6.1325526,14.738699,6.177592
10576,24.689825,5.6619835,13.500038,5.5005774
10577,20.045673,5.191657,12.262018,4.823912
10578,24.843159,5.6775126,13.540914,5.522918
10579,15.582454,4.739655,11.07223,4.173609
10580,15.664143,4.747927,11.094006,4.1855116
10581,29.576977,6.15692,14.802837,6.2126484
10582,24.604149,5.653307,13.4772,5.4880934
10583,15.417775,4.722977,11.028331,4.1496153
10584,15.650378,4.746534,11.090337,4.183506
10585,29.45791,6.144861,14.771095,6.1952996
10586,20.31126,5.218554,12.332817,4.8626094
10587,20.141626,5.201375,12.287597,4.837893
10588,24.896381,5.6829023,13.555101,5.5306726
10589,15.456601,4.726909,11.03868,4.155272
10590,29.401852,6.1391845,14.756153,6.1871324
10591,15.34599,4.7157073,11.009194,4.139156
10592,24.719706,5.66501,13.508003,5.5049305
10593,29.500698,6.149194,14.782502,6.201534
10594,15.489359,4.730227,11.047413,4.160045
10595,15.339896,4.71509,11.007569,4.138268
10596,20.248007,5.212148,12.315956,4.853393
10597,15.556631,4.7370396,11.065346,4.169847
10598,20.2355,5.2108817,12.312622,4.8515706
10599,15.456367,4.7268853,11.038618,4.155238
10600,15.595742,4.741,11.075772,4.175545
10601,29.392702,6.1382575,14.753714,6.1857986
10602,24.834053,5.6765904,13.5384865,5.521591
10603,29.231487,6.121931,14.710738,6.162309
10604,20.109106,5.198081,12.278927,4.8331547
10605,15.354997,4.7166195,11.011596,4.140468
10606,29.365908,6.1355433,14.746571,6.181894
10607,20.069752,5.1940956,12.268438,4.8274207
10608,29.321478,6.1310444,14.734728,6.175421
10609,20.179516,5.205212,12.297697,4.843414
10610,29.437983,6.142843,14.765783,6.1923957
10611,24.68391,5.661385,13.498461,5.4997153
10612,24.885864,5.6818366,13.552299,5.52914
10613,15.477786,4.7290545,11.044329,4.158359
10614,29.40206,6.139205,14.756208,6.187162
10615,29.386976,6.137677,14.752188,6.1849647
10616,15.5622225,4.737606,11.066837,4.1706614
10617,24.728546,5.665905,13.510361,5.506219
10618,24.799355,5.6730757,13.529236,5.516536
10619,29.483746,6.1474776,14.777984,6.199064
10620,20.280819,5.2154713,12.324703,4.8581734
10621,24.880741,5.6813183,13.550932,5.528394
10622,20.123455,5.1995344,12.282753,4.835245
10623,24.802773,5.673422,13.530148,5.517034
10624,15.679129,4.7494454,11.0980015,4.187695
10625,19.97977,5.1849833,12.244451,4.8143096
10626,20.26538,5.213908,12.320587,4.855924
10627,15.663213,4.7478333,11.093759,4.1853757
10628,24.800182,5.673159,13.529457,5.5166564
10629,15.502393,4.731547,11.050888,4.1619444
10630,15.541606,4.735518,11.06134,4.1676574
10631,20.051256,5.1922226,12.263506,4.8247256
10632,15.55289,4.7366605,11.064349,4.1693015
10633,20.206455,5.2079406,12.304878,4.8473387
10634,15.362651,4.7173944,11.013636,4.1415834
10635,20.163548,5.203595,12.293442,4.841087
10636,20.059212,5.1930285,12.265628,4.8258843
10637,15.629803,4.7444496,11.084852,4.180508
10638,15.357497,4.7168727,11.012261,4.1408324
10639,20.08561,5.195702,12.272665,4.829731
10640,15.555959,4.7369714,11.065167,4.169749
10641,29.487225,6.14783,14.778912,6.1995707
10642,24.892302,5.682489,13.554014,5.530078
10643,24.682419,5.661234,13.498065,5.4994984
10644,15.539551,4.7353096,11.060793,4.167358
10645,29.4826,6.147361,14.777678,6.198897
10646,15.4749975,4.728772,11.043585,4.157953
10647,29.399868,6.1389823,14.755623,6.1868424
10648,15.402974,4.721478,11.024385,4.1474586
10649,15.525449,4.7338815,11.057034,4.1653037
10650,24.924652,5.6857653,13.562637,5.5347924
10651,29.4072,6.1397247,14.757578,6.1879115
10652,29.389309,6.1379137,14.75281,6.185304
10653,15.6557455,4.7470775,11.091768,4.184288
10654,29.529186,6.152079,14.790096,6.205684
10655,15.589807,4.740399,11.07419,4.17468
10656,20.152523,5.2024784,12.290502,4.8394804
10657,20.16546,5.2037888,12.29395,4.8413653
10658,20.153557,5.2025833,12.290777,4.839631
10659,15.402429,4.7214227,11.024239,4.1473794
10660,20.288706,5.21627,12.326804,4.859322
10661,29.354233,6.1343613,14.74346,6.1801944
10662,15.562143,4.7375975,11.066816,4.17065
10663,15.546172,4.7359805,11.062558,4.1683226
10664,24.623644,5.655281,13.482397,5.4909344
10665,15.609475,4.7423916,11.079433,4.1775465
10666,29.282413,6.1270876,14.724312,6.1697288
10667,20.21169,5.208471,12.306274,4.8481016
10668,15.447312,4.725969,11.036204,4.1539187
10669,20.102482,5.1974106,12.277163,4.83219
10670,20.16647,5.203891,12.29422,4.8415127
10671,20.236773,5.21101,12.312961,4.8517556
10672,29.412071,6.1402183,14.758877,6.1886206
10673,29.414703,6.140486,14.75958,6.1890044
10674,15.585303,4.739943,11.07299,4.1740246
10675,24.950512,5.688384,13.5695305,5.5385594
10676,24.739801,5.6670446,13.513361,5.5078588
10677,15.429236,4.724138,11.031385,4.1512847
10678,29.595575,6.158803,14.807795,6.2153583
10679,15.356776,4.7167997,11.01207,4.1407275
10680,15.5362215,4.7349725,11.059906,4.166873
10681,24.859978,5.6792154,13.545397,5.5253687
10682,24.842693,5.677465,13.54079,5.52285
10683,24.669102,5.659885,13.494513,5.4975576
10684,29.506647,6.149796,14.784088,6.2024
10685,15.450302,4.726271,11.037002,4.154354
10686,24.838825,5.6770735,13.539759,5.5222874
10687,15.612501,4.7426977,11.08024,4.1779866
10688,20.180983,5.205361,12.298088,4.8436275
10689,20.201294,5.2074175,12.303503,4.8465867
10690,15.593862,4.74081,11.075272,4.1752715
10691,20.157202,5.2029524,12.29175,4.8401623
10692,24.809061,5.674059,13.531824,5.51795
10693,29.312767,6.130162,14.732406,6.174152
10694,24.718746,5.664913,13.507748,5.504791
10695,20.160435,5.2032795,12.292612,4.8406334
10696,15.551753,4.7365456,11.064046,4.1691365
10697,24.686985,5.661696,13.499281,5.5001626
10698,20.047943,5.191887,12.262623,4.824242
10699,20.248737,5.212222,12.316151,4.8534994
10700,29.45905,6.1449766,14.7714,6.1954656
10701,29.435907,6.1426334,14.765232,6.1920934
10702,20.120317,5.199217,12.281917,4.8347874
10703,15.599695,4.7414007,11.076826,4.176121
10704,24.937702,5.687087,13.566116,5.536693
10705,24.820208,5.6751876,13.534796,5.519574
10706,29.33836,6.1327534,14.739226,6.1778803
10707,24.77657,5.6707683,13.523163,5.5132155
10708,24.69424,5.662431,13.501216,5.50122
10709,20.110727,5.198246,12.27936,4.8333907
10710,15.674174,4.7489433,11.09668,4.186973
10711,24.890902,5.6823473,13.55364,5.5298743
10712,24.706367,5.663659,13.504448,5.5029874
10713,15.417785,4.722978,11.028333,4.1496167
10714,29.575428,6.1567626,14.8024235,6.2124224
10715,20.170055,5.204254,12.295176,4.842035
10716,15.421983,4.7234035,11.029453,4.1502285
10717,20.181433,5.205406,12.298208,4.843693
10718,24.69289,5.6622934,13.500855,5.5010233
10719,29.48878,6.147987,14.7793255,6.199797
10720,20.137836,5.200991,12.286587,4.8373404
10721,24.87682,5.6809216,13.549887,5.527823
10722,24.856636,5.678877,13.544506,5.5248814
10723,24.761166,5.6692085,13.519056,5.5109715
10724,29.465601,6.14564,14.773146,6.1964197
10725,24.764694,5.669566,13.519997,5.5114856
10726,15.595747,4.741001,11.075773,4.1755457
10727,24.773079,5.670415,13.522232,5.512707
10728,24.733746,5.666432,13.511747,5.506976
10729,15.655847,4.7470875,11.091795,4.184303
10730,24.959934,5.6893387,13.572043,5.5399323
10731,20.257845,5.213145,12.318579,4.8548265
10732,20.125687,5.19976,12.283347,4.83557
10733,15.550424,4.736411,11.063691,4.1689425
10734,24.816402,5.6748023,13.533781,5.5190196
10735,15.484035,4.729687,11.045994,4.159269
10736,29.44254,6.1433043,14.767,6.19306
10737,20.17173,5.204424,12.295622,4.842279
10738,20.052317,5.19233,12.263789,4.82488
10739,20.140259,5.2012362,12.287231,4.8376937
10740,24.812725,5.67443,13.532801,5.518484
10741,15.370482,4.718188,11.015723,4.1427245
10742,29.466452,6.145726,14.773373,6.196544
10743,29.496056,6.148724,14.781265,6.200857
10744,24.930435,5.6863513,13.56418,5.5356345
10745,15.498906,4.731193,11.049959,4.161436
10746,29.341116,6.133033,14.739962,6.1782827
10747,29.435335,6.1425743,14.765078,6.1920104
10748,29.28571,6.1274223,14.725193,6.1702094
10749,24.946873,5.6880155,13.568562,5.53803
10750,20.09966,5.197125,12.27641,4.8317785
10751,24.757158,5.6688027,13.517988,5.510388
10752,29.52243,6.1513953,14.788296,6.2047
10753,20.227478,5.2100697,12.310484,4.8504024
10754,20.024483,5.1895113,12.25637,4.820825
10755,24.88552,5.6818023,13.552206,5.5290904
10756,24.849133,5.678117,13.542506,5.5237885
10757,29.527523,6.1519117,14.789654,6.2054424
10758,24.774948,5.670604,13.522731,5.5129795
10759,24.719566,5.664995,13.507966,5.50491
10760,29.443556,6.1434073,14.767271,6.193208
10761,24.701067,5.663122,13.503035,5.5022144
10762,29.54188,6.153365,14.79348,6.207534
10763,24.725266,5.665573,13.509486,5.5057406
10764,15.508859,4.7322016,11.052611,4.162886
10765,29.382912,6.137266,14.751103,6.184373
10766,15.562066,4.7375894,11.066795,4.1706386
10767,20.150028,5.2022257,12.289836,4.8391166
10768,15.447305,4.725968,11.036202,4.153918
10769,29.387512,6.137732,14.752332,6.1850433
10770,24.702972,5.6633153,13.503544,5.5024934
10771,24.809914,5.674145,13.532051,5.5180745
10772,29.364655,6.1354175,14.746237,6.1817117
10773,15.433499,4.7245693,11.032522,4.1519055
10774,24.913116,5.684597,13.559562,5.533111
10775,29.298477,6.128714,14.728596,6.1720695
10776,20.234873,5.210818,12.312454,4.8514786
10777,20.029602,5.19003,12.257734,4.821571
10778,29.590462,6.158285,14.806433,6.2146125
10779,29.260277,6.124846,14.718412,6.166504
10780,15.663022,4.747814,11.093707,4.1853485
10781,20.037056,5.190785,12.259722,4.822657
10782,15.337651,4.714863,11.006971,4.137941
10783,29.323692,6.1312685,14.735318,6.1757436
10784,29.412683,6.1402817,14.759041,6.1887093
10785,29.55833,6.1550303,14.797866,6.209931
10786,15.380882,4.7192407,11.018496,4.1442394
10787,15.365649,4.717698,11.014435,4.14202
10788,24.783329,5.671453,13.524963,5.5142007
10789,20.08034,5.195168,12.271259,4.8289638
10790,29.613293,6.1605973,14.812518,6.2179394
10791,29.388245,6.1378064,14.752525,6.1851497
10792,20.239044,5.2112412,12.313566,4.8520865
10793,29.529322,6.152093,14.7901325,6.205704
10794,20.042942,5.191381,12.261291,4.8235145
10795,29.521088,6.1512585,14.787939,6.2045045
10796,29.367458,6.1357007,14.746984,6.182121
10797,15.566241,4.738013,11.067908,4.171247
10798,24.956444,5.688985,13.571114,5.5394235
10799,15.357225,4.716845,11.01219,4.140793
10800,20.28806,5.2162046,12.326633,4.8592277
10801,20.17954,5.2052145,12.297705,4.843417
10802,15.40393,4.7215753,11.02464,4.147598
10803,29.359077,6.1348515,14.74475,6.180899
10804,15.462296,4.7274857,11.040199,4.1561017
10805,20.267124,5.2140846,12.321051,4.856178
10806,15.5429325,4.7356524,11.061695,4.167851
10807,29.345825,6.13351,14.741218,6.178969
10808,15.3393135,4.715031,11.007414,4.138183
10809,15.487765,4.730065,11.0469885,4.1598134
10810,24.835697,5.6767564,13.538924,5.5218306
10811,29.532452,6.1524105,14.790968,6.20616
10812,20.06743,5.193861,12.2678175,4.827082
10813,29.431108,6.142147,14.763952,6.191395
10814,15.53497,4.734846,11.059572,4.166691
10815,24.911095,5.684392,13.559024,5.532817
10816,20.239807,5.211318,12.313769,4.8521986
10817,29.365433,6.1354957,14.746443,6.181825
10818,15.671767,4.7486997,11.096039,4.1866226
10819,20.105865,5.197753,12.278064,4.832682
10820,15.380385,4.7191906,11.018364,4.144167
10821,29.494682,6.1485853,14.780899,6.2006574
10822,29.49992,6.1491156,14.782296,6.201421
10823,15.642234,4.7457085,11.088165,4.1823196
10824,20.244791,5.2118225,12.315099,4.852925
10825,29.357616,6.1347046,14.744361,6.180687
10826,29.304604,6.1293354,14.730229,6.1729617
10827,24.82764,5.6759405,13.536777,5.520657
10828,15.559077,4.7372875,11.065998,4.170203
10829,29.372787,6.1362405,14.7484045,6.182897
10830,29.31781,6.1306725,14.733749,6.174886
10831,24.801136,5.673256,13.52971,5.5167947
10832,24.811218,5.6742773,13.532399,5.5182643
10833,20.059351,5.1930428,12.265665,4.825905
10834,29.29391,6.1282516,14.727378,6.171404
10835,29.464207,6.145499,14.772776,6.196217
10836,29.496346,6.1487536,14.781343,6.2008996
10837,15.352775,4.7163944,11.011003,4.1401443
10838,15.643508,4.7458377,11.088506,4.1825047
10839,15.586581,4.7400727,11.07333,4.17421
10840,24.7989,5.67303,13.529116,5.516469
10841,15.531799,4.7345247,11.058727,4.166229
10842,29.637287,6.1630273,14.818914,6.2214355
10843,20.10075,5.197235,12.2767,4.831937
10844,24.775105,5.6706204,13.522772,5.513003
10845,15.527604,4.7341,11.057609,4.1656175
10846,24.834557,5.6766415,13.538621,5.521665
10847,15.55134,4.7365036,11.063935,4.169076
10848,24.717098,5.664746,13.50731,5.5045514
10849,20.182693,5.205534,12.298544,4.8438764
10850,29.533876,6.1525545,14.7913475,6.2063675
10851,24.891136,5.6823707,13.553702,5.529908
10852,15.556623,4.7370386,11.065345,4.169846
10853,15.479971,4.729276,11.04491,4.158677
10854,20.117834,5.198965,12.281254,4.8344264
10855,24.818518,5.6750174,13.534346,5.519328
10856,20.256424,5.213001,12.318199,4.8546195
10857,15.525522,4.7338886,11.057054,4.165314
10858,29.505196,6.1496496,14.783703,6.20219
10859,20.239851,5.211323,12.313782,4.852205
10860,15.419747,4.723177,11.028856,4.1499023
10861,29.458195,6.1448894,14.771172,6.195341
10862,20.272266,5.2146053,12.322423,4.8569274
10863,29.358683,6.1348124,14.744644,6.1808424
10864,24.71834,5.664871,13.507641,5.5047317
10865,20.16203,5.203441,12.293036,4.8408656
10866,24.68456,5.6614504,13.498635,5.4998107
10867,20.07909,5.1950417,12.270927,4.8287816
10868,15.368697,4.718007,11.015247,4.142464
10869,24.775234,5.6706333,13.522806,5.5130215
10870,24.901707,5.6834416,13.55652,5.531449
10871,24.850458,5.6782517,13.542859,5.5239816
10872,24.79508,5.6726437,13.528097,5.515913
10873,19.989311,5.1859493,12.246993,4.8156996
10874,15.45135,4.726377,11.03728,4.1545067
10875,20.007172,5.187758,12.251754,4.8183017
10876,24.664843,5.6594534,13.493379,5.4969373
10877,15.354035,4.716522,11.011339,4.140328
10878,29.491768,6.1482897,14.780123,6.200233
10879,24.672516,5.6602306,13.495423,5.498055
10880,24.816608,5.6748233,13.533834,5.5190496
10881,24.82305,5.675476,13.535553,5.5199885
10882,29.354233,6.1343613,14.74346,6.1801944
10883,15.643907,4.7458777,11.088612,4.182563
10884,29.442423,6.1432924,14.766968,6.1930423
10885,20.085627,5.1957035,12.272669,4.8297334
10886,24.849237,5.6781273,13.542534,5.523804
10887,29.418968,6.1409173,14.7607155,6.189626
10888,20.293402,5.216746,12.328056,4.860007
10889,15.60851,4.7422934,11.079177,4.177406
10890,24.818869,5.6750526,13.534438,5.519379
10891,20.058167,5.1929226,12.265348,4.8257327
10892,20.203808,5.207672,12.3041725,4.846953
10893,15.441413,4.725371,11.034631,4.153059
10894,24.7196,5.6649985,13.507976,5.5049157
10895,29.49556,6.148674,14.781132,6.200785
10896,24.913883,5.6846747,13.559768,5.5332227
10897,15.5994,4.7413707,11.076747,4.176078
10898,29.56078,6.1552787,14.798518,6.2102876
10899,29.51361,6.150502,14.785946,6.203415
10900,15.420665,4.72327,11.0291,4.150036
10901,20.040426,5.191126,12.260619,4.8231473
10902,20.045391,5.191629,12.261943,4.823871
10903,15.455422,4.7267895,11.038366,4.1551003
10904,20.207127,5.2080083,12.3050585,4.8474364
10905,24.844791,5.677678,13.541349,5.523156
10906,15.542872,4.7356462,11.061679,4.1678424
10907,15.462407,4.727497,11.040228,4.1561184
10908,15.412322,4.722425,11.026877,4.148821
10909,24.869099,5.680139,13.547829,5.5266976
10910,29.28505,6.127355,14.725016,6.170113
10911,15.581726,4.739581,11.072035,4.1735034
10912,29.578934,6.157118,14.803358,6.212933
10913,29.653809,6.1647015,14.8233185,6.223843
10914,29.574093,6.1566277,14.802068,6.2122283
10915,29.285095,6.12736,14.725027,6.17012
10916,15.52295,4.7336287,11.056368,4.1649394
10917,29.472574,6.1463466,14.775005,6.1974363
10918,29.51479,6.1506214,14.78626,6.203587
10919,29.507965,6.1499305,14.784439,6.202593
10920,20.043917,5.1914797,12.26155,4.823656
10921,29.598873,6.1591372,14.808674,6.2158384
10922,15.507825,4.7320967,11.052336,4.1627355
10923,20.155167,5.2027464,12.291206,4.8398657
10924,29.482792,6.1473804,14.77773,6.1989245
10925,24.874285,5.6806645,13.5492115,5.527453
10926,29.505648,6.1496954,14.783823,6.202255
10927,15.541419,4.735499,11.061291,4.16763
10928,20.182127,5.205476,12.298393,4.843794
10929,20.205248,5.207818,12.304557,4.8471627
10930,29.59653,6.1589,14.80805,6.2154975
10931,20.308092,5.218233,12.331972,4.8621473
10932,29.384457,6.1374226,14.751515,6.1845975
10933,15.442308,4.7254615,11.03487,4.1531897
10934,24.885473,5.681797,13.552193,5.529083
10935,15.54046,4.7354016,11.061035,4.1674905
10936,29.585299,6.157762,14.805055,6.21386
10937,20.112247,5.1984,12.279766,4.833612
10938,20.011713,5.188218,12.252965,4.8189645
10939,15.666329,4.748149,11.094588,4.1858296
10940,29.430857,6.1421213,14.763885,6.191358
10941,24.665838,5.659555,13.493645,5.497082
10942,15.590214,4.740441,11.074299,4.17474
10943,20.058313,5.1929374,12.2653885,4.8257537
10944,15.485877,4.729874,11.046485,4.159538
10945,20.190723,5.2063475,12.300685,4.845046
10946,24.803581,5.673504,13.530364,5.5171523
10947,15.460237,4.7272773,11.039649,4.155802
10948,24.884703,5.6817193,13.551989,5.528971
10949,15.446454,4.7258816,11.035976,4.153794
10950,15.4292555,4.7241397,11.031391,4.151288
10951,24.765541,5.669652,13.520224,5.5116086
10952,24.798264,5.6729655,13.528946,5.5163765
10953,24.881802,5.681426,13.551214,5.5285482
10954,29.587025,6.157937,14.805516,6.214112
10955,15.430528,4.724269,11.031731,4.151473
10956,20.046099,5.1917005,12.262131,4.823974
10957,15.466638,4.7279253,11.041356,4.1567345
10958,15.523455,4.7336793,11.056502,4.165013
10959,20.12664,5.199857,12.283602,4.835709
10960,20.004,5.187437,12.25091,4.81784
10961,24.69968,5.6629825,13.502665,5.5020127
10962,15.524022,4.733737,11.056654,4.1650953
10963,24.881437,5.6813884,13.551117,5.528496
10964,24.617455,5.6546545,13.480745,5.4900327
10965,29.47951,6.147048,14.776855,6.1984468
10966,20.13659,5.200865,12.286255,4.8371587
10967,24.675959,5.6605797,13.496343,5.4985566
10968,20.153013,5.2025285,12.290633,4.8395524
10969,20.18539,5.2058067,12.299263,4.8442693
10970,24.95922,5.689266,13.571853,5.539829
10971,24.762478,5.669341,13.519405,5.5111623
10972,24.825718,5.675746,13.536264,5.520376
10973,24.920395,5.685334,13.561503,5.5341716
10974,24.796993,5.6728373,13.528607,5.516192
10975,20.27691,5.2150755,12.323661,4.8576035
10976,20.19128,5.206403,12.300833,4.845127
10977,29.520306,6.15118,14.787729,6.2043905
10978,15.514796,4.732803,11.054194,4.1637516
10979,24.93352,5.686663,13.5650015,5.5360847
10980,20.197887,5.2070723,12.302595,4.84609
10981,15.417886,4.7229886,11.02836,4.1496315
10982,15.513427,4.732664,11.053829,4.163552
10983,15.502912,4.7315993,11.051026,4.1620193
10984,29.433334,6.142372,14.764546,6.191719
10985,24.890436,5.6823,13.553518,5.529807
10986,20.283459,5.215738,12.325405,4.8585587
10987,29.53791,6.1529627,14.792421,6.2069554
10988,15.575373,4.738938,11.070342,4.1725774
10989,20.054855,5.192587,12.264465,4.8252497
10990,20.174263,5.20468,12.296297,4.842648
10991,29.333609,6.132273,14.737961,6.1771894
10992,24.874279,5.680664,13.54921,5.527452
10993,24.649963,5.657946,13.489412,5.494769
10994,29.336386,6.1325545,14.738702,6.177593
10995,29.34409,6.1333337,14.740755,6.178715
10996,15.642116,4.745697,11.088135,4.182302
10997,20.1376,5.200967,12.286524,4.837306
10998,24.922276,5.6855245,13.562006,5.534446
10999,15.534835,4.734832,11.059536,4.166671
11000,20.27681,5.2150655,12.323635,4.8575897
11001,20.266268,5.213998,12.320824,4.8560534
11002,29.290562,6.127913,14.726484,6.170917
11003,29.404388,6.13944,14.756828,6.1875014
11004,29.501116,6.1492367,14.782614,6.201595
11005,24.813438,5.6745024,13.532991,5.5185876
11006,24.81003,5.6741567,13.532083,5.5180907
11007,20.08711,5.195854,12.273064,4.82995
11008,15.540251,4.7353806,11.06098,4.1674604
11009,29.356592,6.1346006,14.744088,6.1805367
11010,20.221836,5.2094975,12.308979,4.8495793
11011,15.511028,4.7324214,11.05319,4.1632023
11012,15.421092,4.723313,11.029215,4.1500983
11013,29.379307,6.1369004,14.750143,6.1838465
11014,15.571461,4.738541,11.0693,4.1720076
11015,15.600337,4.7414656,11.076998,4.176215
11016,24.83139,5.6763206,13.537777,5.5212035
11017,24.927835,5.6860867,13.563486,5.535255
11018,20.167461,5.2039914,12.294483,4.841657
11019,20.010284,5.188073,12.252584,4.818756
11020,15.37866,4.7190156,11.017904,4.143916
11021,29.28107,6.126952,14.723955,6.1695337
11022,20.036547,5.1907334,12.259585,4.822582
11023,24.693077,5.662313,13.500905,5.5010505
11024,15.366252,4.717759,11.014596,4.142108
11025,20.10186,5.1973476,12.276997,4.8320985
11026,20.030603,5.190131,12.258001,4.8217163
11027,20.056026,5.192706,12.264778,4.825421
11028,20.236187,5.210951,12.312803,4.8516707
11029,29.453285,6.1443925,14.769863,6.1946254
11030,29.587296,6.157964,14.805588,6.214151
11031,24.748816,5.667958,13.515764,5.5091724
11032,29.354435,6.1343813,14.743513,6.180223
11033,20.302727,5.21769,12.330543,4.861366
11034,24.607628,5.65366,13.4781275,5.488601
11035,15.565878,4.737976,11.067812,4.171194
11036,24.653584,5.6583138,13.490377,5.4952965
11037,24.805994,5.673748,13.531006,5.5175033
11038,29.331799,6.132089,14.737477,6.176924
11039,24.787352,5.6718607,13.526037,5.5147867
11040,24.800737,5.6732163,13.529606,5.5167375
11041,20.2757,5.2149534,12.323338,4.8574276
11042,20.228558,5.2101784,12.310772,4.8505588
11043,15.44115,4.7253447,11.034561,4.153021
11044,29.441004,6.143149,14.76659,6.1928363
11045,20.042858,5.191372,12.261268,4.823502
11046,24.68652,5.6616488,13.499157,5.5000954
11047,24.921658,5.6854615,13.561839,5.5343556
11048,15.386092,4.7197685,11.019885,4.144999
11049,15.663562,4.7478685,11.093851,4.185427
11050,15.375719,4.718718,11.017119,4.1434875
11051,20.186636,5.205933,12.299595,4.8444505
11052,15.679736,4.749507,11.098164,4.1877837
11053,29.481167,6.147217,14.777296,6.198688
11054,29.365229,6.1354747,14.746389,6.181795
11055,24.93526,5.686839,13.565466,5.5363374
11056,20.213383,5.208642,12.306726,4.848348
11057,20.214615,5.2087665,12.3070545,4.8485274
11058,29.360123,6.134958,14.745029,6.1810517
11059,24.76901,5.670003,13.521148,5.512115
11060,15.38079,4.7192316,11.018471,4.144226
11061,29.453278,6.144392,14.769861,6.194625
11062,29.3305,6.1319575,14.737131,6.1767354
11063,24.704666,5.6634865,13.503995,5.5027385
11064,20.286264,5.216023,12.326155,4.858967
11065,20.101692,5.1973305,12.276953,4.8320746
11066,29.399204,6.138916,14.755447,6.186746
11067,15.617991,4.7432537,11.081703,4.178787
11068,29.371128,6.1360726,14.747963,6.1826553
11069,24.911724,5.684456,13.559192,5.532908
11070,20.290306,5.2164316,12.32723,4.8595557
11071,20.063173,5.19343,12.266684,4.8264623
11072,20.115982,5.1987777,12.28076,4.8341565
11073,15.383262,4.719482,11.019131,4.1445866
11074,29.435732,6.1426153,14.765183,6.1920676
11075,29.336487,6.132564,14.738729,6.1776075
11076,24.673183,5.6602983,13.495603,5.4981523
11077,20.078594,5.1949916,12.270794,4.828709
11078,15.461779,4.7274337,11.04006,4.1560264
11079,24.835232,5.676709,13.538801,5.521764
11080,15.591325,4.740553,11.0745945,4.1749015
11081,29.459387,6.145011,14.771489,6.195514
11082,15.49431,4.730728,11.048733,4.1607666
11083,15.406143,4.7217994,11.025229,4.14792
11084,29.500635,6.1491876,14.782486,6.2015247
11085,15.5086775,4.732183,11.052563,4.16286
11086,29.406914,6.1396966,14.757502,6.1878695
11087,20.317364,5.2191725,12.334444,4.863498
11088,20.12917,5.2001133,12.284276,4.836077
11089,29.41317,6.14033,14.759171,6.188781
11090,24.70923,5.663949,13.505212,5.503405
11091,29.581844,6.157412,14.804135,6.2133574
11092,29.362888,6.135238,14.745768,6.181455
11093,15.57794,4.7391977,11.071027,4.1729517
11094,29.439178,6.1429644,14.766104,6.19257
11095,29.501766,6.1493025,14.782787,6.20169
11096,15.465303,4.7277904,11.041,4.15654
11097,15.582036,4.739612,11.072119,4.173548
11098,20.254053,5.21276,12.317568,4.854274
11099,24.700241,5.663039,13.502816,5.502095
11100,29.555334,6.1547275,14.797067,6.209494
11101,29.323044,6.1312027,14.735144,6.17565
11102,20.089891,5.1961355,12.273806,4.8303547
11103,20.25575,5.212932,12.31802,4.8545213
11104,24.827826,5.6759596,13.536825,5.520684
11105,29.41781,6.1408005,14.760407,6.189457
11106,20.289795,5.21638,12.327095,4.8594813
11107,20.214407,5.208746,12.306999,4.8484974
11108,20.05894,5.193001,12.265556,4.8258452
11109,29.608677,6.1601286,14.811287,6.217266
11110,29.550308,6.154218,14.795729,6.2087626
11111,24.861553,5.6793756,13.545818,5.5255985
11112,15.522225,4.733555,11.056174,4.1648335
11113,24.935562,5.6868696,13.565546,5.5363812
11114,20.102427,5.197405,12.277147,4.832181
11115,24.761972,5.6692905,13.519271,5.5110893
11116,20.17717,5.2049747,12.297073,4.8430715
11117,20.312206,5.21865,12.33307,4.8627477
11118,20.32318,5.2197614,12.335995,4.864345
11119,15.533444,4.7346916,11.059165,4.1664686
11120,24.853638,5.678573,13.543707,5.524445
11121,15.630281,4.7444983,11.08498,4.1805778
11122,15.355764,4.7166967,11.0118,4.1405797
11123,29.400743,6.1390715,14.755856,6.18697
11124,24.826408,5.6758156,13.5364485,5.520478
11125,24.677433,5.6607285,13.496735,5.498771
11126,29.49443,6.1485596,14.780832,6.20062
11127,24.960592,5.6894054,13.57222,5.540029
11128,24.67859,5.6608458,13.497044,5.49894
11129,24.70858,5.663883,13.505037,5.5033097
11130,29.241217,6.1229153,14.713329,6.1637263
11131,20.189644,5.206238,12.300397,4.844888
11132,20.019823,5.1890397,12.255127,4.820146
11133,20.153803,5.202608,12.290842,4.839667
11134,29.392775,6.138265,14.753733,6.185809
11135,29.494781,6.1485953,14.780926,6.2006717
11136,15.489392,4.73023,11.047422,4.16005
11137,24.9561,5.6889505,13.571021,5.539375
11138,29.396313,6.1386228,14.754676,6.1863246
11139,15.504054,4.7317147,11.0513315,4.162186
11140,24.971294,5.690489,13.575072,5.5415874
11141,20.179007,5.2051606,12.297562,4.843339
11142,20.085342,5.1956744,12.2725935,4.829692
11143,24.819565,5.6751227,13.534624,5.51948
11144,29.34597,6.1335244,14.741256,6.17899
11145,15.652396,4.746738,11.090876,4.1838
11146,24.885012,5.6817513,13.552072,5.5290165
11147,29.530565,6.152219,14.790464,6.2058854
11148,15.632642,4.744737,11.085609,4.180922
11149,24.69079,5.6620812,13.500296,5.5007176
11150,15.474162,4.728688,11.043362,4.157831
11151,24.821146,5.675283,13.535046,5.519711
11152,20.073563,5.1944814,12.269453,4.8279753
11153,15.468115,4.728075,11.04175,4.1569495
11154,20.21439,5.208744,12.306994,4.8484945
11155,15.417331,4.7229323,11.028212,4.1495504
11156,24.905704,5.6838465,13.557587,5.5320306
11157,20.049644,5.1920595,12.263078,4.824491
11158,15.344701,4.7155766,11.008852,4.138968
11159,15.6536665,4.7468667,11.091213,4.183985
11160,15.487554,4.730044,11.046932,4.159782
11161,29.429386,6.141973,14.763493,6.1911435
11162,29.308496,6.12973,14.731266,6.1735296
11163,20.159834,5.203219,12.29245,4.8405457
11164,20.099615,5.1971207,12.276398,4.831772
11165,15.486785,4.7299657,11.046726,4.15967
11166,15.679991,4.749532,11.09823,4.187821
11167,29.485853,6.147691,14.778545,6.1993704
11168,20.284836,5.2158775,12.325774,4.8587584
11169,29.515057,6.1506476,14.786331,6.2036257
11170,15.423282,4.7235346,11.0297985,4.1504173
11171,20.058807,5.1929874,12.265519,4.825825
11172,24.705505,5.663572,13.504219,5.5028615
11173,24.675716,5.6605544,13.496278,5.4985213
11174,20.237473,5.2110815,12.3131485,4.8518577
11175,24.950853,5.688419,13.569622,5.5386095
11176,20.237114,5.2110453,12.313052,4.851806
11177,15.481704,4.729451,11.045372,4.15893
11178,24.876133,5.680851,13.549704,5.527723
11179,15.364761,4.7176085,11.014198,4.141891
11180,29.313543,6.1302404,14.732613,6.174265
11181,29.414116,6.1404257,14.759422,6.188918
11182,15.516429,4.7329683,11.05463,4.1639895
11183,24.62091,5.6550045,13.481667,5.4905357
11184,20.294727,5.21688,12.328411,4.8602
11185,15.547824,4.7361474,11.062998,4.168564
11186,15.484782,4.729763,11.046193,4.1593785
11187,24.683197,5.661313,13.498272,5.4996114
11188,15.541493,4.7355065,11.061312,4.167641
11189,20.117365,5.198918,12.28113,4.834358
11190,29.299664,6.1288342,14.72891,6.172242
11191,29.63066,6.1623554,14.817148,6.22047
11192,24.689245,5.661925,13.499884,5.5004926
11193,20.220692,5.209382,12.308674,4.8494124
11194,20.117752,5.1989565,12.281232,4.834414
11195,20.129354,5.200132,12.284326,4.8361044
11196,24.690117,5.6620135,13.500116,5.5006204
11197,24.84563,5.677763,13.541573,5.5232787
11198,15.558291,4.737208,11.065789,4.170089
11199,20.13126,5.200325,12.284834,4.8363824
11200,15.335,4.7145944,11.006264,4.137554
11201,15.599021,4.7413325,11.076646,4.1760235
11202,15.4933195,4.7306275,11.04847,4.160622
11203,15.542083,4.735566,11.061469,4.167727
11204,20.28111,5.215501,12.32478,4.858216
11205,24.642334,5.657175,13.487379,5.4936576
11206,15.644182,4.745906,11.088686,4.182603
11207,24.614574,5.6543627,13.479979,5.4896126
11208,20.138695,5.201078,12.286816,4.8374653
11209,20.046436,5.1917343,12.262221,4.8240232
11210,15.4276705,4.7239795,11.030969,4.151057
11211,24.809185,5.6740713,13.531857,5.517968
11212,20.19136,5.2064114,12.300856,4.845139
11213,15.380802,4.7192326,11.018475,4.144228
11214,29.342136,6.133136,14.740233,6.1784306
11215,29.325262,6.131428,14.735736,6.1759725
11216,15.510406,4.7323585,11.053023,4.163112
11217,24.856642,5.6788774,13.544508,5.524883
11218,24.84013,5.677205,13.540106,5.522476
11219,20.249237,5.2122726,12.316284,4.8535724
11220,15.592845,4.740707,11.075,4.175123
11221,29.563667,6.1555715,14.79929,6.2107086
11222,15.363632,4.717494,11.013897,4.141726
11223,15.663567,4.747869,11.093853,4.1854277
11224,15.599677,4.741399,11.076821,4.176119
11225,20.063885,5.1935015,12.266873,4.8265657
11226,20.207945,5.2080913,12.305277,4.8475556
11227,20.190487,5.206323,12.300622,4.8450117
11228,24.693142,5.662319,13.500923,5.5010605
11229,15.464744,4.727734,11.040852,4.1564584
11230,15.548556,4.736222,11.063192,4.1686707
11231,29.510822,6.1502204,14.785202,6.203009
11232,15.614068,4.7428565,11.080658,4.1782155
11233,29.37701,6.1366687,14.749531,6.1835127
11234,15.42917,4.724131,11.031368,4.151275
11235,24.938957,5.6872144,13.566452,5.536876
11236,15.36779,4.717915,11.015005,4.1423316
11237,15.412467,4.7224393,11.026916,4.148842
11238,20.120127,5.1991973,12.281866,4.83476
11239,20.178394,5.2050986,12.2973995,4.84325
11240,29.371468,6.136107,14.748053,6.1827044
11241,15.622624,4.743723,11.082939,4.179462
11242,15.45456,4.7267027,11.038136,4.154975
11243,29.24419,6.123217,14.714123,6.1641603
11244,24.690868,5.6620893,13.500317,5.50073
11245,29.469807,6.146066,14.774269,6.1970325
11246,24.809305,5.6740837,13.531889,5.5179853
11247,24.70773,5.6637964,13.50481,5.5031857
11248,20.200302,5.2073174,12.30324,4.846442
11249,15.420212,4.7232237,11.02898,4.1499705
11250,20.236645,5.210997,12.312927,4.851737
11251,15.56236,4.7376194,11.066874,4.1706815
11252,29.414406,6.1404552,14.759499,6.1889606
11253,29.33503,6.1324167,14.738338,6.177396
11254,29.450508,6.144111,14.769123,6.1942205
11255,29.38638,6.1376166,14.752028,6.184877
11256,29.476782,6.1467724,14.776129,6.19805
11257,20.119312,5.199115,12.281649,4.834642
11258,20.202873,5.207577,12.303924,4.8468165
11259,29.408762,6.139884,14.757994,6.1881385
11260,15.41406,4.722601,11.02734,4.1490736
11261,20.04472,5.1915607,12.261765,4.8237734
11262,29.263351,6.1251574,14.719231,6.166951
11263,29.38185,6.1371584,14.75082,6.1842175
11264,20.09891,5.197049,12.276209,4.831669
11265,29.444271,6.14348,14.76746,6.193312
11266,29.464085,6.145487,14.772743,6.1961994
11267,29.3247,6.131371,14.735586,6.17589
11268,29.507595,6.149893,14.784342,6.2025385
11269,15.385618,4.7197204,11.019758,4.14493
11270,15.617562,4.74321,11.081589,4.178725
11271,20.193405,5.206619,12.301399,4.8454366
11272,15.603509,4.7417865,11.077843,4.1766768
11273,24.837877,5.6769776,13.539505,5.522148
11274,15.681687,4.7497044,11.098682,4.1880674
11275,29.329185,6.1318254,14.736782,6.1765437
11276,29.551037,6.1542926,14.795921,6.2088685
11277,15.604289,4.741866,11.078051,4.1767907
11278,24.800066,5.673148,13.529427,5.516639
11279,20.202066,5.2074957,12.303708,4.846699
11280,29.32592,6.131494,14.735912,6.1760683
11281,15.460465,4.7273,11.039711,4.155835
11282,20.229996,5.2103243,12.311153,4.850768
11283,20.23516,5.210847,12.312531,4.8515205
11284,15.670911,4.7486134,11.09581,4.1864977
11285,15.542768,4.7356353,11.061651,4.1678267
11286,20.300549,5.2174697,12.329962,4.861048
11287,29.545311,6.153712,14.794395,6.208034
11288,24.828156,5.675993,13.536915,5.5207324
11289,20.151325,5.2023573,12.290182,4.8393064
11290,29.402054,6.139205,14.7562065,6.187161
11291,29.460194,6.145093,14.771705,6.195632
11292,15.612214,4.7426686,11.080164,4.177945
11293,29.549896,6.154177,14.795616,6.208702
11294,20.197569,5.20704,12.302509,4.846044
11295,29.36837,6.135793,14.747227,6.1822534
11296,20.114855,5.1986637,12.280461,4.833992
11297,24.757627,5.6688504,13.518112,5.510456
11298,29.485624,6.1476674,14.778484,6.1993375
11299,29.464521,6.1455307,14.772859,6.196262
11300,15.552375,4.7366085,11.064212,4.169226
11301,20.153414,5.2025685,12.290739,4.83961
11302,24.732937,5.66635,13.511532,5.5068583
11303,29.298185,6.128686,14.728518,6.172027
11304,24.72232,5.6652746,13.508701,5.505312
11305,24.741058,5.6671724,13.513697,5.508042
11306,24.84026,5.677218,13.54014,5.5224957
11307,20.039318,5.191014,12.2603245,4.822986
11308,29.376787,6.1366453,14.74947,6.18348
11309,29.593723,6.1586156,14.807301,6.215088
11310,20.074667,5.1945934,12.269747,4.828137
11311,24.724258,5.66547,13.509218,5.5055943
11312,24.806572,5.6738067,13.53116,5.517587
11313,15.527825,4.7341228,11.057667,4.16565
11314,15.465386,4.727799,11.041023,4.1565523
11315,24.81652,5.674815,13.533813,5.5190372
11316,29.592133,6.1584544,14.806877,6.2148566
11317,29.46993,6.146079,14.774302,6.197051
11318,24.927544,5.686058,13.563408,5.5352125
11319,15.339046,4.715004,11.007343,4.138144
11320,15.537349,4.7350864,11.060206,4.1670375
11321,24.809988,5.6741533,13.53207,5.518085
11322,29.546156,6.153798,14.7946205,6.2081566
11323,24.824387,5.6756115,13.535908,5.520183
11324,24.773254,5.6704326,13.522278,5.512733
11325,15.468791,4.728143,11.04193,4.157048
11326,29.447393,6.143796,14.768292,6.193767
11327,15.388047,4.7199664,11.020407,4.1452837
11328,29.320583,6.130954,14.7344885,6.17529
11329,20.298828,5.2172947,12.329504,4.8607974
11330,15.4059,4.7217746,11.025166,4.147885
11331,29.448069,6.143864,14.768473,6.1938653
11332,29.373753,6.1363378,14.748663,6.1830373
11333,24.816635,5.6748266,13.533842,5.519054
11334,20.313534,5.2187843,12.333424,4.8629403
11335,29.318506,6.130743,14.733935,6.174988
11336,29.352894,6.134226,14.743101,6.1799984
11337,20.205368,5.2078304,12.304589,4.84718
11338,29.577055,6.156927,14.802857,6.2126594
11339,29.531914,6.152355,14.790825,6.206082
11340,15.4272375,4.7239356,11.030853,4.150994
11341,29.279507,6.1267934,14.723539,6.1693053
11342,29.51179,6.1503177,14.785461,6.2031493
11343,15.560973,4.737479,11.0665045,4.1704793
11344,15.465781,4.7278385,11.041127,4.1566095
11345,15.463342,4.7275915,11.040478,4.1562543
11346,29.44841,6.1438994,14.768564,6.1939154
11347,24.852682,5.6784773,13.543452,5.524306
11348,29.432734,6.1423106,14.764384,6.191631
11349,20.049744,5.1920695,12.2631035,4.8245053
11350,24.914846,5.684772,13.560024,5.533363
11351,29.519691,6.151118,14.787567,6.2043014
11352,15.494174,4.7307143,11.0486965,4.1607466
11353,24.630537,5.655979,13.484234,5.4919386
11354,15.466274,4.727889,11.04126,4.1566815
11355,15.629647,4.744434,11.08481,4.1804852
11356,20.02825,5.189893,12.257374,4.8213735
11357,29.418682,6.1408877,14.760639,6.189584
11358,20.298637,5.2172756,12.3294525,4.8607693
11359,15.653109,4.74681,11.091064,4.1839037
11360,29.472574,6.1463466,14.775005,6.1974363
11361,24.865284,5.6797523,13.546812,5.5261416
11362,20.006142,5.1876535,12.25148,4.818152
11363,20.292692,5.2166734,12.3278675,4.8599033
11364,24.76086,5.669177,13.518974,5.510927
11365,20.128515,5.200047,12.2841015,4.8359823
11366,24.853014,5.67851,13.543539,5.5243545
11367,24.927925,5.6860967,13.56351,5.5352683
11368,24.657558,5.658716,13.491438,5.495876
11369,15.452592,4.7265034,11.037613,4.154688
11370,24.761013,5.6691933,13.519016,5.5109496
11371,24.64655,5.6576014,13.488503,5.4942718
11372,29.542995,6.1534777,14.793777,6.207697
11373,15.602046,4.7416387,11.077453,4.176464
11374,29.458263,6.144896,14.771191,6.1953506
11375,24.81089,5.6742444,13.532311,5.518216
11376,15.320609,4.7131367,11.002428,4.1354575
11377,20.078772,5.195009,12.270842,4.828735
11378,24.959297,5.6892734,13.571873,5.53984
11379,29.560577,6.155258,14.798466,6.2102585
11380,20.069513,5.194072,12.2683735,4.827386
11381,20.250889,5.2124405,12.316725,4.8538127
11382,24.842339,5.677429,13.540695,5.5227985
11383,29.565449,6.1557517,14.799765,6.210968
11384,29.57954,6.1571784,14.80352,6.2130218
11385,20.305252,5.2179456,12.331216,4.8617334
11386,15.45626,4.726875,11.0385895,4.1552224
11387,29.452652,6.1443286,14.769695,6.194533
11388,29.339512,6.132871,14.739534,6.1780496
11389,20.275423,5.214925,12.323265,4.857387
11390,15.4051695,4.7217,11.02497,4.147778
11391,20.121975,5.1993847,12.282358,4.835029
11392,15.557003,4.737077,11.065445,4.169901
11393,29.438236,6.1428695,14.765854,6.1924324
11394,29.584492,6.1576805,14.804838,6.2137423
11395,29.290623,6.127919,14.726502,6.1709256
11396,20.077286,5.1948586,12.270445,4.828518
11397,24.956879,5.689029,13.571228,5.5394874
11398,24.811481,5.6743045,13.532469,5.518303
11399,24.848026,5.678005,13.542212,5.5236278
11400,29.372047,6.136166,14.748209,6.18279
11401,29.416748,6.140692,14.760124,6.1893024
11402,29.537355,6.152907,14.792274,6.206875
11403,29.417843,6.1408033,14.760415,6.189461
11404,15.437356,4.7249603,11.03355,4.152468
11405,15.445728,4.725808,11.035782,4.153688
11406,15.650233,4.7465186,11.090299,4.183485
11407,15.382024,4.7193565,11.018801,4.144406
11408,24.957209,5.689062,13.571317,5.5395355
11409,15.62624,4.744089,11.083902,4.179989
11410,29.45614,6.1446824,14.770624,6.1950417
11411,20.165676,5.2038107,12.294008,4.8413973
11412,29.433178,6.1423564,14.764504,6.1916957
11413,20.041695,5.191254,12.260958,4.8233323
11414,29.39076,6.1380606,14.753195,6.1855154
11415,24.806498,5.6737995,13.53114,5.5175767
11416,15.6720915,4.7487326,11.096125,4.1866693
11417,20.187082,5.205978,12.299715,4.844516
11418,15.590163,4.740435,11.074285,4.174732
11419,20.169685,5.2042165,12.295077,4.841981
11420,15.513356,4.732657,11.05381,4.1635413
11421,29.32632,6.131535,14.736018,6.1761265
11422,24.790703,5.6721997,13.52693,5.5152755
11423,24.668789,5.659853,13.494431,5.497512
11424,29.33173,6.1320825,14.737461,6.1769147
11425,24.917068,5.684997,13.560616,5.533686
11426,24.622824,5.655198,13.482177,5.4908147
11427,24.66172,5.6591377,13.492546,5.4964824
11428,29.46453,6.1455307,14.7728615,6.1962643
11429,20.051294,5.1922264,12.263516,4.8247313
11430,24.885372,5.6817875,13.552167,5.5290685
11431,15.541028,4.735459,11.061187,4.1675735
11432,15.476941,4.7289696,11.044102,4.158236
11433,15.498249,4.7311273,11.049783,4.16134
11434,15.428448,4.724058,11.031176,4.1511703
11435,24.681305,5.661121,13.497767,5.4993353
11436,20.107973,5.1979666,12.278626,4.8329897
11437,15.422015,4.7234063,11.029461,4.150233
11438,20.141376,5.2013493,12.28753,4.837856
11439,29.392561,6.1382427,14.753675,6.185778
11440,24.730183,5.6660705,13.5107975,5.506457
11441,24.774778,5.670587,13.522686,5.512955
11442,24.803753,5.673521,13.530408,5.5171766
11443,15.508531,4.732168,11.052525,4.162838
11444,29.588802,6.1581173,14.80599,6.214371
11445,20.298588,5.217271,12.32944,4.860762
11446,15.558208,4.7371993,11.065766,4.170077
11447,29.435638,6.142606,14.76516,6.1920543
11448,15.537547,4.7351065,11.060259,4.167066
11449,24.937859,5.687103,13.566158,5.5367155
11450,24.636135,5.6565466,13.485725,5.4927535
11451,29.44767,6.1438246,14.768368,6.193808
11452,20.134148,5.2006173,12.285603,4.836803
11453,29.402935,6.1392927,14.756441,6.1872897
11454,20.259647,5.213327,12.319058,4.855088
11455,24.720936,5.6651344,13.508331,5.5051103
11456,24.896978,5.6829634,13.555261,5.53076
11457,29.447376,6.1437945,14.768288,6.1937647
11458,19.98304,5.185314,12.245321,4.8147864
11459,20.288792,5.2162786,12.326828,4.859335
11460,29.456013,6.1446695,14.77059,6.1950235
11461,24.816948,5.674858,13.533926,5.5190997
11462,29.293,6.12816,14.727135,6.171272
11463,24.706215,5.6636434,13.504408,5.5029645
11464,24.754074,5.6684904,13.517166,5.5099382
11465,24.673866,5.6603675,13.495785,5.4982524
11466,15.604953,4.741933,11.078228,4.1768875
11467,20.197369,5.2070203,12.302456,4.8460145
11468,24.865604,5.6797853,13.546896,5.5261884
11469,24.715887,5.664623,13.506987,5.504374
11470,15.51706,4.7330317,11.054797,4.164081
11471,19.984667,5.185479,12.245756,4.8150234
11472,20.25024,5.2123737,12.31655,4.8537183
11473,24.678104,5.6607966,13.496914,5.4988694
11474,15.672397,4.748763,11.096207,4.186714
11475,24.746014,5.667674,13.5150175,5.508764
11476,24.752373,5.668318,13.516712,5.5096908
11477,24.834784,5.676664,13.538681,5.521698
11478,15.657418,4.7472463,11.092214,4.1845317
11479,29.46836,6.1459193,14.773882,6.196822
11480,20.27075,5.2144513,12.322019,4.8567066
11481,29.344316,6.133357,14.740815,6.178748
11482,24.868097,5.6800375,13.547562,5.5265517
11483,15.421166,4.7233205,11.029234,4.150109
11484,24.644402,5.6573834,13.487928,5.493958
11485,29.430975,6.1421337,14.763916,6.1913753
11486,15.618079,4.7432623,11.081727,4.1788
11487,29.298252,6.128692,14.728537,6.1720366
11488,20.117382,5.1989193,12.281134,4.8343596
11489,29.458672,6.1449385,14.771298,6.1954103
11490,24.633106,5.6562395,13.48492,5.492313
11491,15.515595,4.7328835,11.054407,4.163867
11492,29.332293,6.1321397,14.73761,6.1769967
11493,29.297321,6.128598,14.728289,6.171902
11494,24.836403,5.676828,13.539112,5.5219336
11495,29.484688,6.147573,14.7782345,6.1992
11496,24.67828,5.660815,13.496961,5.498895
11497,20.247568,5.212104,12.315839,4.8533287
11498,24.752947,5.668376,13.516865,5.509774
11499,20.247644,5.2121115,12.31586,4.85334
11500,29.328938,6.1318007,14.736716,6.1765084
11501,24.79897,5.6730366,13.529135,5.516479
11502,15.547009,4.736065,11.062782,4.1684446
11503,24.850708,5.6782765,13.542925,5.524018
11504,29.340527,6.1329737,14.739804,6.178197
11505,15.664718,4.747986,11.094159,4.1855955
11506,20.268362,5.2142096,12.321381,4.8563585
11507,15.550166,4.736385,11.063623,4.168905
11508,15.399352,4.7211113,11.023418,4.1469307
11509,15.521936,4.7335258,11.056097,4.1647916
11510,20.204079,5.2077,12.304245,4.846992
11511,20.051888,5.1922865,12.263676,4.8248177
11512,20.100697,5.19723,12.276688,4.831929
11513,15.415355,4.7227316,11.027685,4.1492624
11514,15.498015,4.731103,11.049721,4.1613064
11515,24.663914,5.6593595,13.493132,5.4968014
11516,24.729427,5.6659946,13.510595,5.5063477
11517,20.100372,5.1971965,12.276599,4.831882
11518,19.970154,5.184009,12.241886,4.8129086
11519,15.458343,4.7270856,11.0391445,4.1555257
11520,24.627674,5.6556892,13.483471,5.4915214
11521,24.78751,5.671876,13.526079,5.51481
11522,24.742123,5.6672807,13.513981,5.5081964
11523,15.341813,4.7152843,11.0080805,4.1385474
11524,24.916265,5.684916,13.560402,5.53357
11525,29.55566,6.154761,14.797155,6.209542
11526,20.311146,5.218543,12.332788,4.862592
11527,15.341474,4.71525,11.00799,4.1384974
11528,20.17635,5.204891,12.296853,4.842952
11529,29.565416,6.1557493,14.799756,6.2109632
11530,20.119423,5.1991262,12.281678,4.8346577
11531,15.608939,4.7423368,11.07929,4.1774683
11532,15.526035,4.733941,11.05719,4.165389
11533,19.994593,5.1864843,12.248402,4.8164697
11534,24.8731,5.6805444,13.548895,5.5272803
11535,29.44329,6.1433806,14.7672,6.19317
11536,29.34561,6.1334877,14.741159,6.1789374
11537,24.695278,5.662536,13.501492,5.501371
11538,20.129524,5.200149,12.28437,4.836129
11539,20.067978,5.1939163,12.267964,4.8271623
11540,29.258873,6.124704,14.718039,6.1663003
11541,24.898815,5.6831484,13.55575,5.5310273
11542,24.746988,5.6677732,13.515276,5.508906
11543,29.264046,6.125228,14.719418,6.1670527
11544,29.39004,6.137987,14.753002,6.185411
11545,29.587702,6.1580057,14.8056965,6.214211
11546,24.704494,5.6634693,13.50395,5.5027146
11547,29.49712,6.1488323,14.781549,6.2010126
11548,20.089775,5.1961236,12.273775,4.8303375
11549,15.422502,4.7234554,11.02959,4.1503034
11550,20.192368,5.2065134,12.301123,4.8452854
11551,29.324287,6.1313286,14.735476,6.175831
11552,29.505709,6.149702,14.783838,6.202264
11553,29.239643,6.1227565,14.712912,6.1634974
11554,29.464464,6.145525,14.772844,6.196254
11555,29.486366,6.1477423,14.778683,6.1994452
11556,20.207102,5.208006,12.305051,4.847433
11557,29.476585,6.146753,14.776075,6.1980205
11558,29.395756,6.138566,14.754528,6.1862435
11559,29.49733,6.148853,14.781606,6.2010436
11560,20.041721,5.1912575,12.260965,4.8233366
11561,24.877623,5.6810026,13.5501,5.5279393
11562,29.353374,6.134274,14.743229,6.1800685
11563,24.780357,5.671152,13.524172,5.5137677
11564,24.949133,5.688245,13.569164,5.538358
11565,24.674805,5.6604624,13.496035,5.498388
11566,15.620458,4.743503,11.082361,4.1791463
11567,29.242275,6.1230235,14.713613,6.163881
11568,24.653807,5.6583357,13.490437,5.495329
11569,29.280602,6.1269054,14.72383,6.1694655
11570,24.756645,5.668751,13.517851,5.5103126
11571,29.497051,6.148825,14.78153,6.2010026
11572,20.063057,5.193418,12.266652,4.826445
11573,15.392175,4.7203846,11.021505,4.145885
11574,24.676418,5.660626,13.496464,5.4986234
11575,20.100815,5.1972413,12.276718,4.831946
11576,20.051577,5.192255,12.263592,4.824772
11577,29.477417,6.1468368,14.776296,6.1981416
11578,24.742828,5.6673512,13.514168,5.5083
11579,15.569038,4.738296,11.068653,4.1716547
11580,15.582989,4.739709,11.072372,4.1736875
11581,24.862602,5.679481,13.546097,5.525751
11582,29.428013,6.141833,14.763127,6.1909432
11583,24.87421,5.680657,13.5491905,5.527442
11584,24.831661,5.6763477,13.5378475,5.5212426
11585,20.014849,5.1885357,12.2538,4.819421
11586,24.810768,5.6742325,13.532279,5.518199
11587,15.340459,4.7151465,11.007721,4.13835
11588,15.450511,4.726292,11.037057,4.1543846
11589,29.442062,6.1432557,14.766872,6.1929903
11590,29.56353,6.155558,14.799252,6.2106886
11591,15.531338,4.734478,11.058603,4.1661615
11592,29.56374,6.155579,14.799307,6.2107196
11593,15.457773,4.727028,11.038993,4.1554427
11594,29.430672,6.1421022,14.763835,6.1913304
11595,24.715115,5.664545,13.506781,5.504262
11596,29.52902,6.1520634,14.790053,6.2056603
11597,24.705008,5.6635213,13.504086,5.502789
11598,29.49987,6.1491103,14.782282,6.201413
11599,20.079922,5.195126,12.271148,4.8289027
11600,15.526778,4.7340164,11.057388,4.165497
11601,24.92366,5.685665,13.562373,5.5346475
11602,29.484838,6.147588,14.778275,6.199222
11603,29.481697,6.1472707,14.777438,6.1987653
11604,29.567425,6.1559525,14.800291,6.2112565
11605,24.788364,5.6719627,13.526308,5.514934
11606,29.573433,6.1565604,14.801892,6.212132
11607,24.884518,5.6817007,13.551939,5.528944
11608,20.128214,5.200017,12.284021,4.835939
11609,15.423171,4.7235236,11.029769,4.150401
11610,29.59748,6.1589956,14.808303,6.215635
11611,24.72469,5.6655145,13.509333,5.5056577
11612,29.474741,6.1465654,14.775583,6.1977515
11613,29.470404,6.1461267,14.774427,6.19712
11614,29.427418,6.141773,14.762968,6.1908565
11615,20.28591,5.2159867,12.326059,4.8589153
11616,29.372849,6.136247,14.748421,6.1829057
11617,15.492272,4.7305217,11.048189,4.1604695
11618,29.53067,6.1522303,14.790492,6.205901
11619,29.405304,6.1395335,14.757073,6.1876345
11620,15.50402,4.7317114,11.051322,4.1621814
11621,15.648046,4.746297,11.089714,4.183166
11622,29.517769,6.1509233,14.787054,6.204021
11623,15.443147,4.7255464,11.035094,4.1533117
11624,24.8066,5.67381,13.531168,5.517591
11625,20.03983,5.191066,12.260461,4.8230605
11626,24.584114,5.651278,13.471858,5.4851737
11627,24.755352,5.6686196,13.517506,5.510124
11628,15.390228,4.7201877,11.0209875,4.1456013
11629,15.49289,4.730584,11.048355,4.1605597
11630,15.523744,4.7337084,11.056579,4.165055
11631,29.406609,6.139666,14.7574215,6.1878247
11632,20.187798,5.2060504,12.299905,4.84462
11633,15.56508,4.737895,11.067598,4.1710777
11634,29.470394,6.1461253,14.7744255,6.1971183
11635,29.411106,6.140121,14.758619,6.18848
11636,15.631295,4.744601,11.08525,4.1807256
11637,20.054794,5.1925817,12.26445,4.8252416
11638,29.37127,6.136086,14.748,6.182676
11639,24.914764,5.684764,13.560001,5.533351
11640,24.67312,5.6602917,13.495585,5.498143
11641,20.213093,5.2086124,12.306648,4.848305
11642,20.202957,5.2075853,12.303946,4.846829
11643,29.403105,6.139311,14.756485,6.1873136
11644,20.235123,5.210843,12.312521,4.8515153
11645,20.10049,5.197209,12.276632,4.8318996
11646,20.312347,5.2186637,12.333107,4.862767
11647,29.338135,6.132731,14.739166,6.177848
11648,20.179169,5.2051764,12.297605,4.8433623
11649,20.056658,5.19277,12.264947,4.825513
11650,29.478981,6.1469955,14.776714,6.1983695
11651,15.575022,4.738902,11.070249,4.1725264
11652,20.30773,5.218197,12.331877,4.8620944
11653,24.754368,5.6685205,13.517244,5.5099807
11654,15.408933,4.7220817,11.025973,4.148327
11655,15.664184,4.7479315,11.094017,4.1855173
11656,20.056986,5.1928024,12.265034,4.82556
11657,29.516685,6.150814,14.786764,6.2038627
11658,20.103283,5.1974916,12.277376,4.8323054
11659,24.736404,5.666701,13.512457,5.507364
11660,20.266258,5.213997,12.320822,4.856052
11661,29.518492,6.150996,14.787247,6.204126
11662,15.51636,4.732961,11.054611,4.163979
11663,29.471024,6.146189,14.774593,6.19721
11664,15.597321,4.7411604,11.076193,4.175775
11665,20.118738,5.199057,12.281496,4.834558
11666,20.065353,5.1936507,12.267265,4.8267803
11667,15.462079,4.7274637,11.040141,4.15607
11668,20.15001,5.202224,12.289831,4.839114
11669,20.142456,5.201459,12.287818,4.8380136
11670,29.485432,6.1476483,14.778434,6.1993093
11671,24.710888,5.664117,13.505653,5.5036454
11672,24.758167,5.668905,13.518256,5.510535
11673,29.469576,6.146043,14.774206,6.196999
11674,20.265345,5.213904,12.320578,4.8559184
11675,29.367966,6.135752,14.74712,6.182194
11676,29.316372,6.1305275,14.733366,6.1746774
11677,20.200483,5.2073355,12.303287,4.8464684
11678,29.411343,6.1401443,14.75868,6.1885138
11679,20.299019,5.2173142,12.329554,4.860825
11680,20.064266,5.19354,12.266975,4.8266215
11681,15.446206,4.725857,11.03591,4.1537576
11682,29.575464,6.1567664,14.802433,6.2124276
11683,19.989616,5.1859803,12.247074,4.8157444
11684,20.27806,5.215192,12.323967,4.8577714
11685,20.17301,5.204553,12.295963,4.8424654
11686,20.21944,5.209255,12.30834,4.849231
11687,29.325333,6.131434,14.735754,6.175982
11688,15.645007,4.74599,11.088905,4.1827235
11689,20.046421,5.1917334,12.262218,4.824021
11690,15.469985,4.728265,11.04225,4.1572223
11691,24.805168,5.673665,13.5307865,5.517383
11692,15.407713,4.721958,11.025648,4.148149
11693,24.678276,5.6608143,13.49696,5.498894
11694,24.627693,5.6556916,13.483476,5.491524
11695,15.424888,4.723697,11.030227,4.1506515
11696,29.359703,6.1349154,14.744917,6.1809897
11697,29.483328,6.1474347,14.777872,6.1990027
11698,29.554619,6.154655,14.796876,6.20939
11699,24.827488,5.675925,13.536736,5.5206347
11700,15.562596,4.7376437,11.0669365,4.170716
11701,15.388097,4.7199717,11.020419,4.145291
11702,24.795094,5.672645,13.528101,5.5159154
11703,24.83471,5.676656,13.538662,5.521687
11704,15.647378,4.7462296,11.089538,4.1830688
11705,15.43921,4.7251477,11.034044,4.152738
11706,20.067139,5.1938314,12.26774,4.8270397
11707,15.442836,4.7255154,11.035011,4.153267
11708,29.48119,6.1472187,14.777302,6.1986914
11709,20.176762,5.2049336,12.296964,4.8430123
11710,15.391951,4.7203617,11.021446,4.1458526
11711,15.583327,4.7397428,11.072462,4.1737366
11712,24.781757,5.671294,13.524547,5.513972
11713,20.209837,5.208283,12.30578,4.8478312
11714,15.608919,4.742335,11.079285,4.1774654
11715,20.062254,5.1933365,12.266438,4.826328
11716,15.431958,4.7244134,11.032112,4.1516814
11717,20.198559,5.20714,12.302774,4.846188
11718,24.595688,5.65245,13.474944,5.4868608
11719,20.108261,5.1979957,12.278704,4.8330317
11720,29.468863,6.1459703,14.774016,6.196895
11721,24.774685,5.670577,13.522661,5.5129414
11722,29.419348,6.140956,14.760817,6.189681
11723,20.065195,5.1936345,12.267223,4.826756
11724,24.903894,5.6836624,13.557104,5.531768
11725,15.450982,4.72634,11.037183,4.1544533
11726,24.81949,5.6751156,13.534604,5.5194697
11727,20.168867,5.2041335,12.294859,4.841862
11728,29.427845,6.1418157,14.763082,6.1909184
11729,20.077755,5.194906,12.270571,4.8285866
11730,29.559921,6.1551924,14.79829,6.2101626
11731,15.511914,4.732511,11.053426,4.1633315
11732,20.032238,5.1902966,12.258436,4.8219543
11733,29.35011,6.133944,14.742359,6.1795926
11734,15.438739,4.7251,11.033918,4.1526694
11735,15.6239805,4.7438602,11.0833,4.17966
11736,29.397549,6.1387477,14.755006,6.186505
11737,15.452047,4.726448,11.037467,4.1546087
11738,20.238216,5.211157,12.313345,4.851966
11739,15.593432,4.7407665,11.075157,4.175209
11740,20.068958,5.1940155,12.268225,4.827305
11741,15.409596,4.722149,11.02615,4.148423
11742,15.60739,4.7421803,11.078877,4.1772428
11743,19.962952,5.18328,12.239967,4.8118596
11744,20.215424,5.2088485,12.30727,4.8486447
11745,15.645892,4.746079,11.089141,4.1828523
11746,29.459938,6.1450667,14.771637,6.1955953
11747,20.072489,5.194373,12.269166,4.8278193
11748,20.100409,5.1972,12.276609,4.8318872
11749,24.863405,5.6795626,13.54631,5.525868
11750,15.651797,4.7466774,11.090715,4.183713
11751,20.327473,5.220196,12.337139,4.8649716
11752,20.032616,5.190335,12.258537,4.8220096
11753,24.848988,5.6781025,13.542467,5.523768
11754,29.323193,6.131218,14.735185,6.1756706
11755,29.583115,6.1575403,14.804474,6.213542
11756,15.6310835,4.7445793,11.085192,4.1806946
11757,29.601444,6.159397,14.80936,6.2162127
11758,20.156267,5.202857,12.2915,4.8400254
11759,29.442593,6.1433096,14.767013,6.1930676
11760,15.520848,4.7334156,11.055808,4.1646333
11761,29.46104,6.1451783,14.771931,6.195756
11762,29.502527,6.14938,14.782991,6.201801
11763,24.87859,5.681101,13.550359,5.5280805
11764,24.693329,5.6623387,13.500973,5.5010877
11765,29.388988,6.1378813,14.752724,6.185258
11766,20.073902,5.194516,12.269544,4.8280253
11767,15.673215,4.748846,11.096424,4.1868334
11768,29.447279,6.1437845,14.768261,6.1937504
11769,29.422516,6.1412764,14.761662,6.190143
11770,20.28197,5.215588,12.325008,4.858341
11771,20.068068,5.193925,12.267988,4.8271747
11772,29.37516,6.136481,14.749038,6.1832423
11773,15.547603,4.736125,11.062939,4.1685314
11774,15.594381,4.740863,11.07541,4.175347
11775,29.46751,6.145833,14.773655,6.1966987
11776,20.227262,5.2100477,12.310425,4.8503704
11777,15.653663,4.746866,11.091212,4.1839843
11778,15.533317,4.7346783,11.059131,4.1664495
11779,24.826767,5.675852,13.536543,5.5205293
11780,29.30295,6.1291676,14.729788,6.1727214
11781,29.413239,6.140337,14.75919,6.188791
11782,20.273212,5.214701,12.322676,4.8570657
11783,24.691446,5.662148,13.50047,5.500813
11784,20.121073,5.199293,12.282118,4.834898
11785,24.953203,5.6886573,13.57025,5.5389524
11786,20.16093,5.20333,12.292743,4.8407054
11787,20.089918,5.196138,12.273812,4.8303585
11788,29.576054,6.156826,14.802591,6.2125134
11789,15.555076,4.736882,11.064932,4.16962
11790,15.648227,4.7463155,11.089764,4.1831923
11791,29.488384,6.147948,14.779221,6.19974
11792,20.021996,5.1892595,12.255707,4.8204627
11793,20.300621,5.217477,12.329981,4.8610587
11794,15.390523,4.720217,11.021066,4.145644
11795,20.028994,5.1899676,12.257571,4.8214817
11796,15.545617,4.735924,11.06241,4.168242
11797,29.338593,6.132777,14.73929,6.177915
11798,29.428988,6.141932,14.763388,6.1910853
11799,20.098778,5.197036,12.276175,4.8316493
11800,24.84805,5.6780076,13.542218,5.523631
11801,24.866413,5.6798673,13.547113,5.5263066
11802,20.05883,5.1929893,12.265526,4.825829
11803,20.091751,5.196324,12.2743025,4.830626
11804,29.495972,6.148716,14.781244,6.2008452
11805,20.160845,5.2033215,12.292719,4.840693
11806,29.549503,6.1541367,14.795514,6.208645
11807,15.576096,4.7390103,11.070535,4.1726823
11808,20.034481,5.190524,12.259034,4.822281
11809,24.77582,5.670693,13.522963,5.513107
11810,15.633864,4.744861,11.085935,4.1811
11811,29.348286,6.1337585,14.741873,6.1793265
11812,20.129398,5.200136,12.284338,4.836111
11813,15.628608,4.7443285,11.084534,4.1803336
11814,24.861156,5.6793346,13.5457115,5.5255404
11815,29.289818,6.1278377,14.726286,6.170808
11816,24.851868,5.678395,13.543236,5.524187
11817,29.472198,6.1463084,14.774904,6.197381
11818,29.371208,6.136081,14.747984,6.1826673
11819,29.37082,6.136041,14.747881,6.18261
11820,29.391277,6.138113,14.753334,6.1855917
11821,29.547081,6.153891,14.7948675,6.208292
11822,15.407901,4.721977,11.025699,4.148176
11823,24.866007,5.6798253,13.547005,5.526247
11824,29.379969,6.136968,14.750319,6.1839433
11825,24.816265,5.674789,13.533745,5.5189996
11826,29.278542,6.126696,14.72328,6.169165
11827,24.868183,5.6800466,13.547585,5.526564
11828,29.510292,6.150166,14.785061,6.202932
11829,15.472484,4.7285175,11.042915,4.157586
11830,29.53403,6.1525707,14.791389,6.2063904
11831,20.07539,5.194667,12.26994,4.828242
11832,15.461982,4.727454,11.040115,4.1560564
11833,24.83099,5.67628,13.53767,5.5211453
11834,24.799711,5.6731124,13.529331,5.5165873
11835,19.998241,5.1868534,12.249374,4.817001
11836,20.293966,5.2168026,12.328207,4.860089
11837,29.498829,6.1490054,14.782004,6.201261
11838,20.207302,5.208026,12.305104,4.847461
11839,20.071423,5.194265,12.268883,4.827664
11840,20.145248,5.201742,12.288563,4.8384204
11841,20.097412,5.196897,12.275811,4.8314505
11842,20.168114,5.204057,12.294659,4.841752
11843,15.607222,4.7421627,11.078833,4.177218
11844,24.724075,5.665452,13.509169,5.505567
11845,29.501644,6.14929,14.782754,6.2016716
11846,15.563564,4.7377415,11.067194,4.170857
11847,29.488768,6.147986,14.779324,6.1997957
11848,15.556104,4.736986,11.065206,4.16977
11849,29.25259,6.1240683,14.716364,6.165384
11850,20.113657,5.1985426,12.280142,4.833818
11851,24.969643,5.690322,13.574631,5.541347
11852,24.773155,5.6704226,13.522253,5.5127187
11853,29.303734,6.129247,14.729996,6.172836
11854,24.801634,5.673307,13.529844,5.516868
11855,24.883774,5.6816254,13.551741,5.528836
11856,29.429539,6.141988,14.763533,6.191166
11857,24.75261,5.668342,13.516775,5.5097246
11858,15.397883,4.7209625,11.023028,4.1467166
11859,15.658147,4.74732,11.092408,4.1846375
11860,29.377228,6.1366897,14.749589,6.183544
11861,20.046837,5.191776,12.262328,4.824082
11862,24.894691,5.6827307,13.55465,5.5304265
11863,24.720753,5.665116,13.508283,5.5050836
11864,29.263296,6.1251516,14.719217,6.166944
11865,15.446914,4.725928,11.036098,4.1538606
11866,20.254654,5.2128215,12.317728,4.854361
11867,24.956047,5.688945,13.571007,5.5393667
11868,20.235611,5.2108927,12.312651,4.8515863
11869,20.1918,5.206456,12.300972,4.845203
11870,29.369371,6.135895,14.747496,6.1823993
11871,15.361714,4.7173,11.013387,4.141447
11872,20.193443,5.206623,12.301411,4.845443
11873,15.432176,4.724436,11.032169,4.1517134
11874,24.798225,5.6729617,13.528935,5.5163713
11875,15.656426,4.747146,11.091949,4.1843877
11876,29.414562,6.1404715,14.759541,6.1889844
11877,29.581488,6.1573763,14.804039,6.213305
11878,20.317621,5.219198,12.334513,4.863536
11879,15.557328,4.73711,11.065533,4.169948
11880,20.043945,5.191482,12.261557,4.8236604
11881,20.049793,5.192075,12.263117,4.824513
11882,15.459314,4.7271843,11.039404,4.155668
11883,29.44249,6.143299,14.766986,6.1930532
11884,29.46466,6.145545,14.772896,6.196283
11885,24.959845,5.689329,13.57202,5.5399194
11886,24.890427,5.6822996,13.5535145,5.5298047
11887,20.290493,5.2164507,12.32728,4.8595824
11888,24.708939,5.6639194,13.505135,5.503362
11889,29.531246,6.152289,14.7906475,6.205985
11890,15.699676,4.751526,11.1034775,4.1906886
11891,15.434434,4.724664,11.032771,4.1520424
11892,20.047205,5.1918125,12.262426,4.824135
11893,20.200743,5.207361,12.303356,4.8465066
11894,15.495336,4.730832,11.049006,4.160916
11895,15.533462,4.734693,11.05917,4.166471
11896,29.323925,6.1312923,14.735378,6.175778
11897,29.446518,6.1437073,14.768061,6.1936393
11898,15.547817,4.736147,11.062997,4.1685624
11899,24.72158,5.6651993,13.508505,5.505204
11900,24.948322,5.6881623,13.568948,5.53824
11901,24.72184,5.665226,13.508573,5.505242
11902,29.371204,6.1360803,14.747982,6.1826663
11903,20.145195,5.2017365,12.2885475,4.838413
11904,15.46364,4.727622,11.040557,4.1562977
11905,24.67042,5.6600184,13.494865,5.4977493
11906,24.857552,5.67897,13.54475,5.5250154
11907,20.148918,5.2021136,12.289541,4.838955
11908,24.970734,5.690432,13.574922,5.541506
11909,20.014008,5.188451,12.253577,4.8192983
11910,24.762453,5.669339,13.5194,5.511159
11911,24.675148,5.6604977,13.496126,5.498439
11912,24.96043,5.689389,13.572176,5.540005
11913,29.481407,6.1472416,14.777361,6.1987233
11914,20.017214,5.188775,12.254432,4.8197656
11915,15.662692,4.747781,11.09362,4.1853004
11916,24.720182,5.6650577,13.508131,5.5049996
11917,15.374109,4.718555,11.01669,4.143253
11918,24.806656,5.6738157,13.531183,5.5176
11919,15.506847,4.731998,11.052075,4.1625934
11920,20.108463,5.198016,12.278757,4.833061
11921,29.602554,6.1595097,14.809654,6.2163744
11922,29.304333,6.129308,14.730156,6.1729226
11923,29.346645,6.133593,14.741436,6.179087
11924,29.261524,6.1249723,14.718744,6.1666856
11925,29.549225,6.154109,14.795439,6.208604
11926,20.184507,5.205718,12.299028,4.8441405
11927,15.643929,4.74588,11.088617,4.182566
11928,19.972597,5.1842566,12.242538,4.8132644
11929,15.467677,4.7280307,11.041634,4.1568856
11930,15.673229,4.7488475,11.096429,4.1868353
11931,29.32559,6.13146,14.735823,6.17602
11932,29.336054,6.13252,14.738613,6.177545
11933,24.848837,5.6780877,13.542427,5.5237455
11934,24.959885,5.689334,13.572031,5.5399256
11935,15.418361,4.723037,11.028487,4.1497
11936,15.626149,4.7440796,11.083878,4.1799755
11937,29.511196,6.150258,14.785302,6.203064
11938,15.443041,4.725536,11.035067,4.1532965
11939,29.563557,6.1555605,14.799259,6.210692
11940,15.468312,4.728095,11.041802,4.1569786
11941,24.86893,5.680123,13.547784,5.526674
11942,29.34034,6.1329546,14.739756,6.1781693
11943,20.007637,5.187805,12.251879,4.81837
11944,20.253555,5.21271,12.317435,4.854201
11945,24.642008,5.657141,13.487291,5.49361
11946,20.240528,5.2113905,12.313961,4.852303
11947,24.7261,5.665658,13.509708,5.505862
11948,20.273308,5.21471,12.3227,4.857079
11949,15.449994,4.72624,11.036919,4.1543093
11950,20.19182,5.206458,12.300978,4.8452063
11951,20.275776,5.2149606,12.323359,4.857439
11952,20.278656,5.215252,12.324125,4.857858
11953,15.440312,4.72526,11.034338,4.152899
11954,24.787296,5.6718554,13.526022,5.5147786
11955,29.583763,6.1576066,14.804646,6.213637
11956,29.394142,6.1384034,14.754097,6.186009
11957,15.448632,4.726102,11.036556,4.154111
11958,29.280092,6.126853,14.723694,6.169391
11959,24.846518,5.677853,13.54181,5.523408
11960,24.653326,5.658288,13.490309,5.4952593
11961,15.418743,4.7230754,11.028589,4.149756
11962,24.737366,5.6667986,13.512712,5.5075035
11963,20.065971,5.193713,12.267429,4.8268695
11964,29.428677,6.1419005,14.763304,6.1910396
11965,20.241465,5.211486,12.314211,4.85244
11966,15.493681,4.7306643,11.048566,4.1606746
11967,15.469893,4.7282553,11.042224,4.157209
11968,20.269287,5.214303,12.321629,4.8564935
11969,20.193085,5.206586,12.301315,4.84539
11970,15.547546,4.7361193,11.062925,4.1685233
11971,20.019045,5.1889606,12.254919,4.820032
11972,24.884226,5.6816716,13.551861,5.5289016
11973,15.54017,4.735372,11.060958,4.1674485
11974,29.342651,6.1331882,14.740372,6.1785064
11975,29.603878,6.159644,14.810009,6.2165675
11976,29.565788,6.155786,14.799853,6.2110176
11977,29.322777,6.131176,14.735074,6.17561
11978,29.371246,6.1360846,14.747993,6.182672
11979,20.242071,5.211547,12.314373,4.852528
11980,15.536869,4.7350383,11.060078,4.166967
11981,15.482283,4.72951,11.0455265,4.1590137
11982,20.087036,5.195846,12.273045,4.8299394
11983,24.699184,5.6629314,13.502534,5.5019407
11984,24.908058,5.6840854,13.558214,5.5323744
11985,24.67662,5.660646,13.496518,5.498653
11986,29.402878,6.1392875,14.756426,6.1872816
11987,20.168026,5.204048,12.294634,4.841739
11988,15.594364,4.740861,11.075405,4.175345
11989,19.992699,5.186292,12.247896,4.816193
11990,15.514905,4.732814,11.054223,4.1637673
11991,15.609941,4.7424383,11.079557,4.177614
11992,24.91753,5.6850443,13.5607395,5.5337543
11993,24.723665,5.6654105,13.509059,5.5055075
11994,20.273438,5.2147236,12.322735,4.857098
11995,15.449437,4.726184,11.036772,4.1542287
11996,20.004524,5.18749,12.251049,4.8179164
11997,20.204945,5.207787,12.304476,4.847119
11998,29.552082,6.154398,14.796202,6.2090206
11999,24.678444,5.6608315,13.497005,5.498919
12000,29.539536,6.1531277,14.792856,6.2071924
12001,20.31969,5.2194076,12.335064,4.8638372
12002,24.849403,5.6781445,13.542578,5.5238285
12003,20.097263,5.1968822,12.275772,4.8314295
12004,29.492508,6.148365,14.780319,6.2003403
12005,29.556004,6.154795,14.797247,6.2095923
12006,15.425366,4.723746,11.030354,4.150721
12007,15.57865,4.7392693,11.071217,4.1730547
12008,24.875412,5.680779,13.549512,5.5276175
12009,15.397571,4.720931,11.022944,4.1466713
12010,29.5737,6.156587,14.801962,6.21217
12011,24.651989,5.6581516,13.489952,5.4950643
12012,15.513202,4.732641,11.05377,4.1635194
12013,24.687775,5.661776,13.499492,5.500278
12014,29.454727,6.1445384,14.770248,6.194835
12015,19.979979,5.185004,12.244506,4.81434
12016,24.816044,5.674766,13.533686,5.518967
12017,20.08757,5.1959004,12.273188,4.8300166
12018,24.824053,5.675577,13.535821,5.520135
12019,20.242085,5.2115483,12.314377,4.85253
12020,20.265903,5.2139606,12.320726,4.856
12021,20.072056,5.1943293,12.269052,4.827756
12022,24.835167,5.6767035,13.538782,5.5217533
12023,24.937035,5.6870193,13.565938,5.5365963
12024,29.498016,6.148923,14.781788,6.2011437
12025,24.694777,5.662485,13.501358,5.501298
12026,24.929182,5.686224,13.563846,5.535452
12027,15.526159,4.7339535,11.057222,4.165407
12028,24.941612,5.6874824,13.567158,5.5372634
12029,29.570726,6.1562867,14.80117,6.211737
12030,24.851933,5.6784015,13.543253,5.5241966
12031,20.275135,5.2148952,12.323187,4.8573456
12032,15.555763,4.736952,11.065115,4.1697206
12033,15.617959,4.7432504,11.081694,4.1787825
12034,20.290325,5.216434,12.327236,4.8595586
12035,20.080624,5.195197,12.271335,4.829005
12036,24.734138,5.666471,13.51185,5.507033
12037,15.4397,4.725198,11.034176,4.15281
12038,15.651925,4.7466903,11.09075,4.183731
12039,29.319075,6.130801,14.734087,6.1750712
12040,20.277111,5.215096,12.323714,4.857633
12041,15.528939,4.734235,11.057964,4.165812
12042,24.735886,5.666648,13.512318,5.507288
12043,15.503768,4.7316856,11.051254,4.162144
12044,15.485671,4.729853,11.04643,4.1595078
12045,15.564374,4.737824,11.06741,4.170975
12046,15.475189,4.7287917,11.043635,4.1579804
12047,20.060246,5.193133,12.265903,4.8260355
12048,15.44634,4.72587,11.035946,4.153777
12049,24.945507,5.687877,13.568197,5.5378304
12050,24.897648,5.68303,13.555439,5.530857
12051,20.220886,5.2094016,12.308726,4.849441
12052,29.345957,6.133523,14.741253,6.1789875
12053,20.056269,5.1927304,12.264843,4.8254557
12054,15.455773,4.726825,11.03846,4.155152
12055,15.652711,4.7467694,11.090959,4.183846
12056,24.71139,5.664168,13.505787,5.503719
12057,29.484432,6.1475472,14.778167,6.1991634
12058,24.746967,5.6677713,13.515272,5.508903
12059,29.55054,6.154242,14.795791,6.208796
12060,24.84864,5.678067,13.542375,5.523717
12061,15.409489,4.722138,11.026121,4.148408
12062,24.893082,5.6825686,13.554222,5.5301924
12063,24.93114,5.686423,13.564367,5.5357375
12064,24.675861,5.660569,13.496315,5.498542
12065,29.449547,6.144014,14.7688675,6.194081
12066,15.447838,4.726022,11.036345,4.1539955
12067,15.554367,4.73681,11.064743,4.1695166
12068,20.139404,5.20115,12.287004,4.8375688
12069,20.043068,5.1913934,12.261324,4.8235326
12070,15.444286,4.7256618,11.035398,4.153478
12071,15.420938,4.7232976,11.029173,4.150076
12072,29.335594,6.132474,14.73849,6.1774774
12073,15.42493,4.723702,11.030238,4.1506577
12074,20.117935,5.1989756,12.281281,4.8344407
12075,20.029531,5.1900225,12.257715,4.8215604
12076,29.475666,6.1466594,14.775829,6.197887
12077,24.853077,5.678517,13.543557,5.524363
12078,29.588737,6.1581106,14.805972,6.214361
12079,29.598797,6.1591296,14.808654,6.2158275
12080,20.31852,5.2192893,12.334752,4.863666
12081,15.634588,4.7449346,11.086128,4.1812053
12082,24.814404,5.6745996,13.533248,5.5187283
12083,29.585659,6.157799,14.805151,6.2139125
12084,29.245476,6.1233473,14.714466,6.1643476
12085,15.537765,4.7351294,11.060317,4.167098
12086,20.2308,5.210406,12.311369,4.8508854
12087,15.417781,4.7229776,11.028332,4.1496162
12088,15.342477,4.7153516,11.008257,4.1386437
12089,20.292185,5.2166224,12.327732,4.8598294
12090,20.101387,5.1973,12.27687,4.83203
12091,29.365074,6.135459,14.746348,6.1817727
12092,29.33479,6.1323924,14.738276,6.17736
12093,29.393795,6.138367,14.754005,6.185958
12094,29.428295,6.141862,14.763203,6.1909842
12095,20.174622,5.204716,12.296392,4.8427005
12096,15.43463,4.7246842,11.032824,4.1520705
12097,29.268074,6.1256366,14.72049,6.16764
12098,24.857681,5.678983,13.544785,5.5250344
12099,20.313469,5.218778,12.333406,4.8629303
12100,20.057915,5.192897,12.265282,4.8256955
12101,24.804531,5.6735997,13.530617,5.5172896
12102,15.43193,4.7244105,11.032104,4.151677
12103,15.421295,4.723334,11.02927,4.1501284
12104,15.332913,4.714383,11.005709,4.1372504
12105,24.829006,5.676079,13.537141,5.5208564
12106,20.192406,5.206517,12.301134,4.845291
12107,20.214233,5.2087283,12.306952,4.848472
12108,29.514557,6.1505976,14.786196,6.2035527
12109,20.174915,5.2047462,12.296471,4.8427434
12110,24.80344,5.67349,13.530325,5.5171313
12111,29.521912,6.1513424,14.788158,6.2046256
12112,20.077923,5.1949234,12.270615,4.8286114
12113,20.09435,5.196587,12.274996,4.8310046
12114,24.645308,5.6574755,13.488172,5.4940906
12115,20.122963,5.199485,12.282621,4.835173
12116,29.503668,6.1494946,14.783294,6.201966
12117,15.594684,4.740893,11.07549,4.175391
12118,15.502856,4.7315936,11.051012,4.1620116
12119,20.075531,5.1946807,12.269978,4.8282623
12120,29.294374,6.1282997,14.727503,6.1714716
12121,15.373583,4.7185016,11.01655,4.143176
12122,24.709658,5.663992,13.505326,5.503467
12123,15.483926,4.7296762,11.045965,4.1592536
12124,15.614226,4.742872,11.0807,4.1782384
12125,24.840464,5.6772394,13.540195,5.522526
12126,29.343605,6.133285,14.740624,6.1786447
12127,29.483551,6.147458,14.777932,6.199035
12128,29.369661,6.1359234,14.747572,6.182441
12129,29.36623,6.1355762,14.746656,6.181941
12130,20.263027,5.213669,12.319959,4.855581
12131,29.471308,6.1462173,14.774668,6.197252
12132,15.384192,4.719576,11.019379,4.144722
12133,20.141502,5.201362,12.287564,4.837875
12134,24.642712,5.6572123,13.48748,5.493713
12135,15.448876,4.7261267,11.036621,4.1541467
12136,15.35821,4.7169447,11.012453,4.1409364
12137,15.469533,4.7282186,11.042128,4.1571565
12138,24.840641,5.677257,13.540243,5.522551
12139,20.035332,5.19061,12.259262,4.8224053
12140,20.15525,5.202754,12.291229,4.839878
12141,29.603077,6.1595626,14.809793,6.2164507
12142,20.205193,5.2078123,12.304543,4.8471546
12143,20.05167,5.1922646,12.2636175,4.8247857
12144,15.495442,4.730843,11.049035,4.1609316
12145,29.495363,6.1486545,14.78108,6.2007565
12146,15.6625185,4.747763,11.093573,4.1852746
12147,15.430371,4.724253,11.031689,4.1514506
12148,15.640954,4.7455792,11.087825,4.1821327
12149,29.424759,6.1415043,14.7622595,6.1904693
12150,29.584904,6.1577215,14.804951,6.213803
12151,20.190956,5.206371,12.300747,4.8450804
12152,24.91305,5.6845903,13.559544,5.533101
12153,24.902267,5.6834984,13.55667,5.531531
12154,15.559975,4.7373776,11.066237,4.170334
12155,15.494881,4.730786,11.048885,4.1608496
12156,15.430959,4.724313,11.031845,4.151536
12157,24.842434,5.6774383,13.54072,5.522813
12158,20.22036,5.2093487,12.308586,4.8493643
12159,20.218435,5.2091527,12.308073,4.8490834
12160,29.4166,6.1406775,14.760084,6.18928
12161,20.175922,5.2048483,12.29674,4.8428903
12162,29.522375,6.1513896,14.7882805,6.2046924
12163,29.345741,6.133501,14.741195,6.178956
12164,24.891972,5.6824555,13.553926,5.5300307
12165,29.403152,6.1393156,14.756499,6.1873217
12166,24.814146,5.6745734,13.53318,5.5186906
12167,24.764454,5.6695414,13.519932,5.511451
12168,15.42315,4.7235217,11.029763,4.1503983
12169,20.16615,5.2038584,12.294134,4.8414655
12170,15.497798,4.731081,11.049663,4.161275
12171,15.482894,4.729572,11.045689,4.1591034
12172,20.210052,5.208305,12.305839,4.8478627
12173,20.091974,5.1963468,12.274362,4.8306584
12174,15.5575075,4.7371283,11.06558,4.1699743
12175,20.204058,5.207698,12.30424,4.846989
12176,15.464662,4.7277255,11.04083,4.156447
12177,29.411743,6.1401854,14.758789,6.1885734
12178,15.512594,4.7325797,11.053606,4.1634307
12179,29.4543,6.1444955,14.770134,6.1947737
12180,24.80884,5.674037,13.531765,5.517918
12181,20.21103,5.2084036,12.306099,4.848005
12182,24.661448,5.6591096,13.492474,5.4964423
12183,29.437784,6.1428227,14.765732,6.192367
12184,20.0228,5.189341,12.255921,4.8205795
12185,20.156157,5.2028465,12.291471,4.8400097
12186,20.066914,5.193808,12.267681,4.827007
12187,24.94134,5.687455,13.567086,5.5372224
12188,29.573265,6.1565433,14.8018465,6.212106
12189,20.259441,5.2133064,12.319004,4.8550587
12190,29.436256,6.142668,14.765324,6.192144
12191,24.708414,5.663866,13.504994,5.503286
12192,15.409858,4.7221756,11.02622,4.148462
12193,24.741154,5.6671815,13.5137205,5.508055
12194,15.320269,4.7131023,11.002338,4.1354084
12195,20.12775,5.19997,12.283898,4.835871
12196,29.464157,6.1454935,14.772762,6.1962094
12197,24.76899,5.670001,13.521143,5.5121117
12198,29.323845,6.1312847,14.735359,6.175766
12199,29.302202,6.129092,14.7295885,6.1726127
12200,29.34035,6.132955,14.7397585,6.1781707
12201,29.516357,6.1507797,14.786676,6.2038155
12202,29.406414,6.139646,14.75737,6.1877966
12203,29.382578,6.1372323,14.751015,6.184324
12204,15.429261,4.7241406,11.031393,4.1512885
12205,24.660948,5.659059,13.492341,5.49637
12206,20.119432,5.199127,12.28168,4.834659
12207,29.375439,6.136509,14.749112,6.1832833
12208,15.470049,4.7282715,11.042266,4.157232
12209,29.367481,6.1357026,14.74699,6.182124
12210,29.45462,6.1445284,14.77022,6.19482
12211,24.93985,5.6873045,13.566689,5.537006
12212,15.451463,4.726389,11.037311,4.1545234
12213,15.398715,4.721047,11.02325,4.146838
12214,20.167715,5.204017,12.294552,4.841694
12215,20.089447,5.1960907,12.273687,4.8302903
12216,29.535755,6.152745,14.791848,6.206641
12217,24.690031,5.6620045,13.500093,5.500607
12218,24.800499,5.673192,13.529541,5.516702
12219,29.42427,6.1414537,14.762128,6.1903977
12220,20.276516,5.2150354,12.323555,4.8575463
12221,20.260708,5.2134347,12.319342,4.855243
12222,20.20969,5.2082677,12.305741,4.84781
12223,19.994024,5.1864266,12.24825,4.8163867
12224,20.113241,5.1985,12.28003,4.833757
12225,20.294046,5.2168107,12.328228,4.8601003
12226,15.456636,4.726913,11.038691,4.1552773
12227,24.735643,5.666624,13.512253,5.507253
12228,24.8471,5.6779113,13.5419655,5.5234923
12229,20.084219,5.1955614,12.272293,4.8295283
12230,29.501764,6.1493025,14.782786,6.201689
12231,29.420929,6.1411157,14.761238,6.1899104
12232,20.146069,5.201824,12.28878,4.83854
12233,24.864227,5.679646,13.54653,5.5259876
12234,24.673641,5.660345,13.495725,5.4982195
12235,29.400558,6.1390533,14.755808,6.1869426
12236,19.995289,5.186555,12.248587,4.816571
12237,29.443634,6.1434145,14.76729,6.193219
12238,24.712814,5.664312,13.506166,5.5039263
12239,20.137691,5.2009764,12.286549,4.83732
12240,15.411313,4.7223225,11.0266075,4.148673
12241,20.038254,5.1909065,12.26004,4.8228316
12242,15.556351,4.737011,11.065272,4.169806
12243,15.44015,4.7252436,11.034295,4.152875
12244,24.866951,5.6799216,13.547256,5.526385
12245,24.914839,5.684772,13.560021,5.533363
12246,24.755058,5.6685905,13.517429,5.510082
12247,15.66108,4.7476177,11.09319,4.1850657
12248,20.270517,5.214428,12.321957,4.856673
12249,29.357018,6.1346436,14.744201,6.1805987
12250,29.466564,6.1457376,14.773403,6.1965604
12251,29.28041,6.126885,14.723779,6.169437
12252,29.281298,6.126975,14.724016,6.1695666
12253,29.227425,6.1215186,14.709654,6.161717
12254,20.258512,5.2132125,12.318756,4.8549237
12255,15.376077,4.7187543,11.017216,4.14354
12256,24.89787,5.6830525,13.555498,5.530889
12257,20.038956,5.190977,12.260227,4.822933
12258,29.512964,6.1504364,14.785772,6.203321
12259,15.441461,4.7253757,11.034644,4.153066
12260,15.55454,4.7368274,11.064789,4.169542
12261,20.1203,5.199215,12.281912,4.8347855
12262,20.211136,5.208414,12.306128,4.8480206
12263,29.365108,6.135463,14.746357,6.1817775
12264,29.444906,6.1435437,14.767632,6.1934047
12265,29.568764,6.156088,14.800647,6.211451
12266,29.4293,6.141964,14.76347,6.191131
12267,15.335168,4.7146115,11.0063095,4.137579
12268,29.422457,6.1412697,14.761644,6.1901336
12269,15.640826,4.7455664,11.0877905,4.182114
12270,20.024742,5.189538,12.256439,4.8208623
12271,15.511685,4.7324877,11.053365,4.1632977
12272,20.147474,5.201967,12.289156,4.8387446
12273,15.527168,4.734056,11.057492,4.165554
12274,20.31509,5.218942,12.3338375,4.863167
12275,20.192205,5.206497,12.301081,4.8452625
12276,24.739094,5.666973,13.513172,5.5077553
12277,24.851376,5.6783447,13.543104,5.524116
12278,29.651642,6.164481,14.822741,6.2235265
12279,29.444134,6.1434665,14.767424,6.1932926
12280,20.177713,5.2050295,12.297216,4.8431506
12281,15.549453,4.7363124,11.063434,4.168801
12282,15.506913,4.7320046,11.052093,4.162603
12283,24.677284,5.6607137,13.496695,5.4987497
12284,20.28542,5.215937,12.32593,4.8588433
12285,15.432208,4.7244387,11.032178,4.151718
12286,29.3764,6.136606,14.749368,6.1834235
12287,24.752895,5.668371,13.516851,5.509766
12288,20.116465,5.198827,12.2808895,4.8342266
12289,29.47845,6.146941,14.776573,6.1982927
12290,15.315112,4.71258,11.000963,4.134657
12291,29.3423,6.133153,14.740278,6.178455
12292,24.754377,5.668521,13.517246,5.5099826
12293,20.30191,5.2176075,12.330324,4.8612466
12294,24.692154,5.6622195,13.50066,5.5009165
12295,20.051308,5.192228,12.263519,4.8247333
12296,24.830975,5.676279,13.537666,5.521143
12297,15.5095415,4.7322707,11.0527935,4.162986
12298,15.635051,4.7449813,11.08625,4.181273
12299,15.477986,4.729075,11.044382,4.158388
12300,29.441439,6.1431923,14.766706,6.192899
12301,24.755402,5.668625,13.517521,5.510132
12302,20.063473,5.19346,12.266764,4.8265057
12303,15.460679,4.727322,11.039768,4.1558666
12304,29.520615,6.1512113,14.787813,6.204436
12305,20.180462,5.205308,12.297951,4.843551
12306,15.422074,4.7234125,11.029476,4.1502414
12307,24.885015,5.6817513,13.552073,5.529017
12308,20.050972,5.192194,12.263432,4.8246846
12309,24.830929,5.6762733,13.537653,5.521136
12310,29.467987,6.1458807,14.773783,6.1967673
12311,20.064457,5.1935596,12.267025,4.8266487
12312,15.570163,4.7384095,11.0689535,4.1718183
12313,29.386745,6.137655,14.752127,6.1849313
12314,15.370885,4.7182283,11.01583,4.1427827
12315,15.421092,4.7233133,11.029215,4.150099
12316,29.298294,6.128696,14.728547,6.1720424
12317,20.12767,5.199961,12.283876,4.83586
12318,20.01809,5.1888638,12.254664,4.819893
12319,24.793034,5.6724358,13.527552,5.5156145
12320,24.694145,5.6624217,13.50119,5.501207
12321,20.169048,5.204152,12.294907,4.841888
12322,24.905394,5.683815,13.557505,5.5319867
12323,29.543419,6.153521,14.793892,6.207759
12324,29.49395,6.148511,14.780703,6.2005506
12325,15.502693,4.7315774,11.050968,4.161988
12326,29.43396,6.142435,14.764711,6.19181
12327,15.349233,4.716036,11.010058,4.1396284
12328,24.684221,5.661416,13.498545,5.499761
12329,20.118958,5.1990795,12.281554,4.83459
12330,20.0476,5.1918526,12.262532,4.824193
12331,20.120308,5.1992164,12.281916,4.834787
12332,24.847374,5.6779394,13.542038,5.5235324
12333,15.547502,4.736115,11.062913,4.1685166
12334,24.747288,5.6678033,13.515358,5.5089498
12335,24.78241,5.67136,13.524719,5.514067
12336,29.450174,6.1440773,14.769035,6.1941724
12337,24.853388,5.678548,13.54364,5.524409
12338,20.197552,5.207039,12.3025055,4.846041
12339,20.204136,5.2077055,12.30426,4.8470006
12340,29.577278,6.1569495,14.8029175,6.212692
12341,29.559902,6.1551905,14.798285,6.21016
12342,24.663576,5.6593256,13.493041,5.4967523
12343,20.197826,5.207066,12.302579,4.8460813
12344,24.689234,5.661924,13.499881,5.5004907
12345,20.18174,5.205437,12.29829,4.843737
12346,15.606875,4.7421274,11.07874,4.1771674
12347,20.051834,5.192281,12.26366,4.8248096
12348,29.519062,6.1510544,14.787399,6.2042103
12349,29.393002,6.1382875,14.753794,6.1858416
12350,29.4761,6.1467032,14.775946,6.1979494
12351,19.98631,5.1856456,12.246193,4.815263
12352,20.135147,5.200719,12.28587,4.836949
12353,20.032417,5.190315,12.258485,4.821981
12354,15.67481,4.7490077,11.09685,4.1870656
12355,24.883125,5.68156,13.551567,5.5287414
12356,29.495615,6.1486797,14.781149,6.200793
12357,15.438787,4.725105,11.033932,4.1526766
12358,24.834959,5.6766815,13.538727,5.5217233
12359,24.648197,5.657768,13.488941,5.494511
12360,24.722809,5.665324,13.508832,5.505383
12361,15.54556,4.735918,11.062395,4.168234
12362,20.167337,5.2039785,12.294451,4.8416386
12363,24.721256,5.6651673,13.508417,5.5051565
12364,24.87857,5.6810985,13.550354,5.5280776
12365,24.935863,5.6869006,13.565626,5.5364256
12366,20.092842,5.1964345,12.274593,4.830785
12367,15.567697,4.73816,11.0682955,4.1714587
12368,15.66856,4.7483745,11.095183,4.186155
12369,20.04873,5.191967,12.262835,4.824358
12370,15.407613,4.721948,11.025621,4.148134
12371,24.6885,5.66185,13.499685,5.5003843
12372,20.159199,5.203154,12.292281,4.840453
12373,24.664124,5.6593804,13.493187,5.4968324
12374,29.403084,6.139309,14.756482,6.1873116
12375,24.668936,5.6598682,13.494471,5.497534
12376,20.079784,5.1951118,12.271111,4.828882
12377,15.474622,4.7287345,11.043485,4.157898
12378,29.445341,6.143588,14.767746,6.1934686
12379,15.66294,4.7478056,11.093686,4.1853366
12380,24.707539,5.6637774,13.504761,5.503158
12381,20.283215,5.215714,12.325341,4.8585224
12382,15.411632,4.722355,11.026693,4.14872
12383,29.586918,6.157926,14.805489,6.214097
12384,15.53163,4.734508,11.058681,4.166204
12385,20.316034,5.219037,12.33409,4.863304
12386,24.729359,5.6659875,13.510576,5.5063367
12387,29.344955,6.133422,14.740985,6.1788416
12388,15.6590395,4.7474103,11.092646,4.1847677
12389,29.47733,6.1468277,14.776272,6.1981287
12390,20.145273,5.201744,12.288569,4.838424
12391,29.489594,6.1480703,14.779543,6.1999164
12392,24.836826,5.6768703,13.539225,5.5219955
12393,29.307556,6.1296344,14.731016,6.173393
12394,15.646017,4.746092,11.089174,4.182871
12395,20.196922,5.2069745,12.302339,4.845949
12396,20.18088,5.20535,12.298061,4.8436127
12397,29.43306,6.142344,14.764473,6.191679
12398,29.348297,6.1337605,14.741878,6.179329
12399,15.665645,4.7480793,11.094406,4.1857305
12400,15.570564,4.7384505,11.06906,4.171877
12401,24.769405,5.6700435,13.521252,5.5121717
12402,15.535313,4.734881,11.059664,4.1667404
12403,20.225918,5.2099113,12.310067,4.8501744
12404,20.1773,5.2049875,12.297106,4.8430905
12405,20.194944,5.206774,12.301811,4.845661
12406,29.54414,6.1535935,14.794083,6.2078633
12407,15.635322,4.745009,11.086323,4.181312
12408,24.92342,5.6856403,13.562309,5.534612
12409,20.22307,5.209623,12.309308,4.8497596
12410,29.434204,6.1424613,14.764776,6.191846
12411,29.512356,6.1503754,14.78561,6.2032323
12412,20.193363,5.206614,12.301389,4.845431
12413,20.316975,5.2191324,12.33434,4.8634415
12414,20.117851,5.198967,12.28126,4.834429
12415,24.849667,5.678171,13.542649,5.5238667
12416,20.101967,5.197358,12.277025,4.832114
12417,15.6472845,4.74622,11.089512,4.183055
12418,15.591627,4.7405834,11.074676,4.174946
12419,15.488544,4.7301445,11.047196,4.1599264
12420,24.902596,5.6835313,13.556758,5.5315785
12421,15.457991,4.72705,11.039051,4.1554747
12422,24.614243,5.6543293,13.47989,5.4895644
12423,20.214264,5.2087307,12.30696,4.848476
12424,15.336131,4.714709,11.006566,4.137719
12425,29.529987,6.15216,14.79031,6.205801
12426,20.123785,5.199568,12.282841,4.8352933
12427,29.395676,6.1385584,14.754506,6.186232
12428,24.828941,5.676072,13.537124,5.520847
12429,29.543482,6.153527,14.793907,6.207767
12430,20.091686,5.1963177,12.274284,4.8306165
12431,15.342658,4.7153697,11.008306,4.13867
12432,15.443399,4.725572,11.035161,4.153349
12433,29.578226,6.157046,14.803169,6.21283
12434,20.061703,5.1932807,12.266293,4.8262477
12435,15.5237875,4.733713,11.056591,4.165061
12436,15.373,4.7184424,11.016396,4.143091
12437,29.347252,6.1336546,14.741596,6.179176
12438,29.503443,6.1494718,14.783234,6.201934
12439,15.6483555,4.746329,11.089797,4.1832113
12440,24.673662,5.660347,13.49573,5.498222
12441,15.5752,4.7389197,11.070296,4.172552
12442,29.439476,6.142994,14.766182,6.192613
12443,24.948248,5.6881547,13.568928,5.5382295
12444,15.568103,4.7382016,11.068405,4.171518
12445,29.5768,6.1569014,14.802789,6.2126217
12446,20.258352,5.213196,12.318714,4.8549
12447,29.338442,6.132762,14.739249,6.177892
12448,29.407135,6.139719,14.757561,6.1879015
12449,24.810944,5.67425,13.532326,5.518224
12450,15.363869,4.717518,11.01396,4.141761
12451,29.370113,6.13597,14.747692,6.182508
12452,20.063892,5.1935024,12.266875,4.826566
12453,24.867195,5.6799464,13.547321,5.52642
12454,29.281124,6.1269574,14.723969,6.169541
12455,19.98723,5.185738,12.246438,4.815397
12456,29.485413,6.1476464,14.778428,6.199307
12457,24.788738,5.672001,13.526407,5.5149884
12458,20.148186,5.202039,12.289346,4.838848
12459,20.228952,5.2102184,12.310875,4.850616
12460,19.987492,5.1857653,12.246508,4.815435
12461,15.371,4.7182403,11.0158615,4.1428
12462,20.024235,5.1894865,12.256304,4.820789
12463,29.483013,6.147403,14.777788,6.198957
12464,29.35107,6.134042,14.742617,6.179733
12465,29.36296,6.135246,14.745785,6.1814647
12466,29.506784,6.149811,14.784124,6.20242
12467,29.456293,6.144697,14.770664,6.1950636
12468,24.721832,5.665225,13.508571,5.505241
12469,29.432873,6.1423254,14.764422,6.191651
12470,20.12102,5.199288,12.2821045,4.8348904
12471,29.4518,6.144242,14.769466,6.194409
12472,29.496449,6.1487637,14.781369,6.200915
12473,15.525778,4.733915,11.057121,4.1653514
12474,15.5034685,4.7316556,11.051175,4.162101
12475,15.575238,4.7389235,11.070307,4.172558
12476,20.176659,5.204922,12.296936,4.842997
12477,29.294678,6.12833,14.727583,6.1715164
12478,15.480393,4.7293186,11.045023,4.158739
12479,15.531333,4.7344775,11.058602,4.1661606
12480,20.095997,5.196754,12.275434,4.8312445
12481,24.692654,5.66227,13.500793,5.5009894
12482,15.404776,4.7216606,11.024865,4.1477213
12483,29.332598,6.13217,14.737692,6.1770406
12484,29.466618,6.1457434,14.773417,6.196568
12485,20.300924,5.2175074,12.330063,4.861103
12486,20.228863,5.21021,12.310853,4.850603
12487,15.55555,4.73693,11.065058,4.169689
12488,29.348476,6.133778,14.741923,6.1793547
12489,24.688446,5.661844,13.499671,5.500376
12490,15.684659,4.7500052,11.099475,4.188501
12491,24.804388,5.673586,13.530579,5.5172696
12492,15.398381,4.7210135,11.023161,4.146789
12493,20.311123,5.21854,12.33278,4.862589
12494,20.139402,5.20115,12.287004,4.8375688
12495,20.116032,5.198783,12.280774,4.8341637
12496,24.945179,5.687844,13.5681095,5.537782
12497,24.959423,5.6892867,13.571906,5.5398583
12498,29.344818,6.133407,14.74095,6.1788216
12499,29.525414,6.151697,14.789089,6.205135
12500,24.80918,5.6740713,13.531855,5.517967
12501,20.053366,5.192436,12.264069,4.825033
12502,20.046932,5.191785,12.262354,4.8240952
12503,24.820782,5.6752462,13.534949,5.5196576
12504,15.432153,4.724433,11.032164,4.15171
12505,29.489021,6.148011,14.77939,6.1998324
12506,20.02312,5.189374,12.256006,4.820626
12507,24.702866,5.663304,13.503515,5.502477
12508,20.149979,5.2022204,12.289824,4.83911
12509,24.727146,5.665764,13.509987,5.5060143
12510,20.243027,5.211644,12.314628,4.8526673
12511,29.4656,6.1456394,14.773146,6.1964197
12512,20.103106,5.197474,12.2773285,4.83228
12513,24.783062,5.6714263,13.524894,5.514162
12514,24.696548,5.6626644,13.501831,5.501557
12515,24.825253,5.6756988,13.53614,5.520309
12516,24.891169,5.682375,13.553712,5.5299134
12517,20.002325,5.1872673,12.250463,4.817596
12518,24.871946,5.6804276,13.548588,5.5271125
12519,15.689479,4.750493,11.10076,4.189203
12520,20.11778,5.19896,12.28124,4.8344183
12521,15.403258,4.721507,11.024461,4.1475
12522,20.254364,5.2127924,12.31765,4.854319
12523,15.448747,4.726114,11.036587,4.154128
12524,24.809399,5.6740932,13.531914,5.517999
12525,15.481522,4.7294326,11.045324,4.158903
12526,20.213268,5.2086306,12.306696,4.8483315
12527,20.037897,5.1908703,12.259945,4.8227787
12528,15.450343,4.726275,11.037014,4.1543603
12529,15.673141,4.748839,11.096405,4.1868224
12530,24.872952,5.6805296,13.548856,5.5272584
12531,24.898376,5.6831045,13.555634,5.5309634
12532,20.224213,5.2097387,12.309612,4.849926
12533,24.887695,5.6820226,13.552786,5.5294075
12534,15.556806,4.7370567,11.0653925,4.1698723
12535,15.5763,4.7390313,11.070589,4.172713
12536,29.350132,6.1339455,14.742365,6.1795964
12537,20.015135,5.1885653,12.253879,4.8194623
12538,29.360657,6.1350117,14.745172,6.1811295
12539,20.277699,5.215155,12.323872,4.857719
12540,20.28566,5.2159615,12.325993,4.8588786
12541,24.71819,5.664857,13.5076,5.5047107
12542,20.056591,5.1927633,12.264929,4.825503
12543,29.349602,6.1338925,14.742224,6.1795187
12544,20.215046,5.2088103,12.307169,4.8485904
12545,24.860228,5.679241,13.545464,5.5254054
12546,20.136623,5.200868,12.286264,4.837164
12547,24.765793,5.6696777,13.520289,5.5116463
12548,20.314383,5.21887,12.33365,4.863064
12549,29.475685,6.146661,14.775834,6.197889
12550,24.705666,5.6635876,13.504261,5.502885
12551,24.682468,5.6612387,13.498077,5.499505
12552,20.09138,5.196286,12.274202,4.830572
12553,20.115633,5.1987424,12.280668,4.834105
12554,20.035463,5.1906233,12.259297,4.8224244
12555,20.18744,5.2060146,12.29981,4.844568
12556,20.062847,5.1933966,12.266597,4.8264146
12557,24.829353,5.6761136,13.537233,5.520907
12558,20.128235,5.200019,12.284027,4.8359413
12559,24.848698,5.6780734,13.542391,5.523725
12560,24.690067,5.6620083,13.500103,5.5006127
12561,29.515404,6.150685,14.786424,6.2036767
12562,24.779886,5.6711044,13.524046,5.513699
12563,24.740225,5.6670876,13.5134735,5.5079207
12564,20.052332,5.1923313,12.263793,4.8248825
12565,15.427984,4.724011,11.031052,4.151102
12566,24.584923,5.65136,13.4720745,5.485293
12567,15.572813,4.738678,11.06966,4.1722045
12568,20.245842,5.2119293,12.315378,4.8530774
12569,15.603362,4.741772,11.077804,4.176656
12570,29.371191,6.136079,14.74798,6.1826644
12571,29.459845,6.145057,14.771613,6.1955814
12572,20.13464,5.2006674,12.285734,4.836875
12573,15.361878,4.7173166,11.01343,4.141471
12574,29.340801,6.1330004,14.739879,6.178236
12575,24.904144,5.6836886,13.557171,5.5318036
12576,29.304976,6.1293726,14.730328,6.173016
12577,24.925564,5.6858573,13.56288,5.534924
12578,20.335579,5.2210174,12.3393,4.8661523
12579,19.954845,5.182459,12.237805,4.810678
12580,20.06077,5.193186,12.266043,4.826112
12581,20.17983,5.205244,12.297781,4.8434587
12582,29.498325,6.148954,14.78187,6.2011876
12583,24.72228,5.665271,13.50869,5.505306
12584,24.71282,5.6643124,13.506169,5.5039277
12585,20.016108,5.1886635,12.254136,4.8196044
12586,29.582842,6.1575136,14.8044,6.213502
12587,15.557406,4.7371182,11.065554,4.1699595
12588,29.437752,6.1428194,14.765722,6.1923623
12589,29.405304,6.139534,14.757073,6.187635
12590,15.473063,4.728576,11.043069,4.1576705
12591,15.5667715,4.738066,11.068049,4.1713243
12592,29.339643,6.1328835,14.739569,6.178067
12593,29.454706,6.144537,14.770244,6.1948323
12594,20.206139,5.207908,12.304794,4.8472924
12595,24.789513,5.672079,13.526613,5.515102
12596,15.526299,4.733968,11.0572605,4.165427
12597,15.382534,4.719408,11.018936,4.14448
12598,24.798561,5.672995,13.529024,5.51642
12599,15.429315,4.7241454,11.031406,4.1512966
12600,29.314274,6.1303144,14.732804,6.1743712
12601,15.565362,4.7379236,11.067674,4.1711187
12602,24.63276,5.656204,13.484827,5.4922624
12603,15.420057,4.723209,11.02894,4.149948
12604,24.699558,5.6629696,13.502632,5.5019956
12605,15.541348,4.7354918,11.061272,4.16762
12606,29.471426,6.1462297,14.774699,6.197269
12607,20.099518,5.1971107,12.276372,4.8317575
12608,29.504276,6.149556,14.783456,6.2020545
12609,29.376545,6.136621,14.749408,6.1834445
12610,15.389012,4.720064,11.020663,4.1454244
12611,24.854519,5.678663,13.543943,5.524574
12612,29.287296,6.1275835,14.725615,6.1704407
12613,20.190504,5.206325,12.300627,4.845015
12614,24.80202,5.6733465,13.529947,5.516924
12615,20.153164,5.2025433,12.290673,4.839574
12616,20.266449,5.214016,12.320871,4.8560796
12617,24.943506,5.6876745,13.567663,5.537539
12618,29.256134,6.1244264,14.717308,6.1659007
12619,20.10694,5.1978617,12.27835,4.8328385
12620,20.274582,5.2148395,12.32304,4.8572645
12621,20.128204,5.2000155,12.284019,4.8359365
12622,29.264328,6.125257,14.719492,6.1670933
12623,15.53772,4.7351246,11.060305,4.1670914
12624,20.053457,5.1924458,12.264093,4.825046
12625,15.437779,4.7250032,11.033664,4.1525297
12626,15.360182,4.7171445,11.012977,4.1412234
12627,20.049078,5.1920023,12.262926,4.824408
12628,15.644857,4.7459745,11.088865,4.1827016
12629,24.75194,5.6682744,13.516598,5.509628
12630,29.271465,6.12598,14.721395,6.168134
12631,29.316479,6.1305385,14.733394,6.1746926
12632,15.36537,4.71767,11.01436,4.141979
12633,20.137323,5.200939,12.28645,4.837266
12634,20.292402,5.2166443,12.32779,4.859861
12635,29.339474,6.132866,14.739523,6.1780424
12636,24.693958,5.6624026,13.501141,5.501179
12637,20.189316,5.206205,12.30031,4.8448415
12638,20.22195,5.20951,12.30901,4.8495965
12639,24.795692,5.6727057,13.528259,5.516002
12640,20.136427,5.2008486,12.286211,4.837135
12641,29.416126,6.14063,14.759958,6.1892114
12642,24.696278,5.662637,13.501759,5.501517
12643,15.44744,4.725981,11.036238,4.153937
12644,20.240992,5.2114377,12.314086,4.8523707
12645,29.602673,6.1595216,14.809687,6.2163916
12646,29.34158,6.1330805,14.740085,6.17835
12647,24.868418,5.6800704,13.5476465,5.5265985
12648,24.781372,5.6712546,13.524443,5.5139155
12649,24.712683,5.664298,13.50613,5.503907
12650,20.17931,5.205191,12.297643,4.8433833
12651,24.935524,5.6868668,13.5655365,5.5363755
12652,20.258734,5.213235,12.318815,4.8549557
12653,24.829105,5.6760883,13.537167,5.5208707
12654,15.579078,4.7393126,11.07133,4.173117
12655,20.076572,5.194786,12.270254,4.828414
12656,24.92989,5.686296,13.5640335,5.5355544
12657,24.935522,5.6868668,13.5655365,5.536376
12658,20.22672,5.2099924,12.310281,4.8502913
12659,15.652167,4.7467146,11.090814,4.1837664
12660,20.111292,5.1983023,12.2795105,4.8334727
12661,29.509632,6.1500993,14.7848835,6.2028356
12662,15.536711,4.735022,11.060036,4.1669445
12663,15.617678,4.7432218,11.081619,4.1787415
12664,20.11908,5.1990914,12.281586,4.8346076
12665,29.521643,6.1513157,14.788086,6.2045856
12666,15.507825,4.7320967,11.052336,4.1627355
12667,15.576982,4.7391005,11.070771,4.172812
12668,24.831898,5.6763716,13.537911,5.521278
12669,29.567493,6.155959,14.800308,6.211266
12670,24.81184,5.6743407,13.532565,5.5183554
12671,24.88773,5.6820264,13.552796,5.5294127
12672,15.420505,4.7232537,11.029058,4.150013
12673,29.527475,6.151906,14.78964,6.2054358
12674,20.0347,5.190546,12.259093,4.8223133
12675,20.051888,5.1922865,12.263675,4.824817
12676,24.92366,5.685665,13.562373,5.5346475
12677,15.447028,4.7259398,11.036129,4.1538773
12678,20.29972,5.2173853,12.3297415,4.860927
12679,29.316639,6.130555,14.733438,6.1747165
12680,20.28393,5.215786,12.325531,4.858626
12681,29.54921,6.154107,14.795435,6.208602
12682,29.344194,6.1333447,14.740782,6.1787305
12683,20.29632,5.2170415,12.328835,4.860432
12684,20.013119,5.1883607,12.25334,4.8191686
12685,24.900019,5.6832705,13.556072,5.5312023
12686,29.513035,6.1504436,14.785791,6.203331
12687,15.664128,4.7479258,11.094002,4.185509
12688,19.98322,5.1853323,12.24537,4.814812
12689,29.54801,6.153986,14.795115,6.208428
12690,24.921051,5.6854005,13.561678,5.534268
12691,29.472198,6.1463084,14.774904,6.197381
12692,24.706743,5.663697,13.504548,5.5030417
12693,20.249134,5.2122626,12.3162565,4.853557
12694,15.597688,4.741197,11.076291,4.175829
12695,20.172218,5.204473,12.295753,4.84235
12696,15.494365,4.730734,11.048747,4.160774
12697,20.267874,5.21416,12.321251,4.8562875
12698,15.423653,4.7235723,11.029898,4.150471
12699,29.323418,6.13124,14.735245,6.1757035
12700,20.112022,5.1983767,12.279705,4.8335795
12701,15.361201,4.7172475,11.013249,4.141372
12702,15.570555,4.7384496,11.069058,4.171876
12703,20.138443,5.2010527,12.286749,4.837429
12704,15.517291,4.733055,11.054859,4.1641145
12705,24.624212,5.6553383,13.482548,5.491017
12706,24.842571,5.677453,13.540757,5.522833
12707,29.536182,6.1527877,14.791963,6.206704
12708,20.048658,5.1919594,12.262814,4.824347
12709,15.60579,4.7420177,11.078451,4.177009
12710,24.662579,5.6592245,13.492775,5.496607
12711,29.354237,6.1343617,14.74346,6.1801944
12712,24.630505,5.6559763,13.484225,5.4919343
12713,20.239262,5.2112627,12.313625,4.852119
12714,20.290602,5.216462,12.327311,4.8595986
12715,15.515798,4.732904,11.0544615,4.1638975
12716,15.411251,4.7223167,11.026591,4.148665
12717,29.465807,6.145661,14.773202,6.1964498
12718,29.468914,6.1459756,14.774031,6.1969028
12719,29.287758,6.1276293,14.725738,6.170508
12720,29.34937,6.133868,14.742162,6.1794844
12721,24.870407,5.680272,13.548178,5.5268884
12722,29.377287,6.136697,14.749604,6.1835527
12723,24.855572,5.678769,13.544222,5.5247264
12724,29.349667,6.1338987,14.742242,6.1795278
12725,15.638392,4.74532,11.087142,4.1817594
12726,20.235636,5.210895,12.312657,4.8515897
12727,20.111021,5.1982756,12.279438,4.833433
12728,20.166935,5.203938,12.294344,4.84158
12729,15.426151,4.7238255,11.030563,4.1508355
12730,20.138262,5.201034,12.2867,4.8374023
12731,29.371655,6.136126,14.748103,6.182732
12732,20.014595,5.18851,12.253735,4.819384
12733,29.455173,6.144584,14.770368,6.194901
12734,29.395649,6.1385565,14.754499,6.1862273
12735,20.187597,5.206031,12.299852,4.8445916
12736,15.368989,4.718036,11.015326,4.142507
12737,24.711924,5.664222,13.50593,5.503797
12738,15.610604,4.7425056,11.079735,4.177711
12739,20.288624,5.216262,12.326782,4.8593106
12740,29.583937,6.1576242,14.804691,6.213662
12741,29.315985,6.130488,14.733263,6.17462
12742,15.622701,4.7437305,11.082959,4.1794734
12743,24.724163,5.6654615,13.509193,5.5055804
12744,29.340504,6.1329713,14.7397995,6.1781926
12745,15.506223,4.731934,11.0519085,4.1625023
12746,29.443241,6.1433744,14.767185,6.1931624
12747,29.545904,6.1537733,14.794554,6.20812
12748,24.791399,5.67227,13.527116,5.515376
12749,29.63147,6.1624374,14.817364,6.2205873
12750,15.526546,4.7339926,11.057326,4.165463
12751,20.215317,5.2088375,12.307241,4.8486295
12752,15.583175,4.7397275,11.072422,4.173714
12753,15.548314,4.7361975,11.063129,4.1686354
12754,29.403456,6.1393466,14.75658,6.1873655
12755,24.650547,5.6580057,13.489569,5.494854
12756,29.561312,6.155333,14.798661,6.210366
12757,29.497953,6.1489167,14.781771,6.2011337
12758,24.767262,5.6698256,13.520681,5.5118594
12759,20.257421,5.2131014,12.318465,4.8547645
12760,24.831846,5.6763663,13.537899,5.5212693
12761,29.42772,6.1418037,14.763048,6.1909003
12762,24.843693,5.6775665,13.541056,5.522996
12763,15.59822,4.7412515,11.076432,4.175906
12764,20.09354,5.1965046,12.274778,4.8308864
12765,20.187973,5.206069,12.299952,4.844646
12766,15.632332,4.744706,11.085526,4.1808767
12767,20.289131,5.2163124,12.326918,4.859384
12768,24.738089,5.666872,13.512904,5.50761
12769,20.169699,5.204218,12.29508,4.8419833
12770,15.400535,4.721231,11.023734,4.147103
12771,20.02555,5.1896195,12.256655,4.82098
12772,15.531636,4.734508,11.058683,4.166205
12773,24.889086,5.6821632,13.553156,5.5296097
12774,24.83281,5.676464,13.538156,5.5214105
12775,20.30651,5.218073,12.331551,4.861917
12776,15.533637,4.7347107,11.0592165,4.1664963
12777,20.110188,5.198191,12.279217,4.833312
12778,20.291222,5.2165246,12.327476,4.8596888
12779,29.360624,6.1350093,14.745163,6.181125
12780,29.48737,6.147845,14.77895,6.199592
12781,29.4656,6.1456394,14.773146,6.1964197
12782,20.120625,5.1992483,12.281999,4.8348327
12783,29.542427,6.153421,14.793627,6.2076144
12784,29.314613,6.1303487,14.732897,6.174421
12785,15.535958,4.7349463,11.059835,4.1668344
12786,29.395454,6.1385365,14.754448,6.1861997
12787,24.674671,5.6604486,13.495998,5.498369
12788,24.693592,5.6623654,13.501042,5.501126
12789,24.832182,5.6764007,13.537988,5.521319
12790,15.406834,4.721869,11.025414,4.148021
12791,24.79354,5.6724873,13.527687,5.5156884
12792,15.437434,4.724968,11.033571,4.152479
12793,15.596097,4.741036,11.075867,4.1755967
12794,20.154255,5.2026534,12.290962,4.8397326
12795,20.105509,5.197717,12.277969,4.8326306
12796,15.449506,4.7261906,11.036789,4.154238
12797,15.625348,4.7439985,11.083665,4.179859
12798,20.096704,5.196826,12.275621,4.831348
12799,24.847336,5.677935,13.5420265,5.5235267
12800,15.463626,4.7276206,11.040553,4.156296
12801,24.652634,5.658217,13.490123,5.495158
12802,29.401094,6.1391068,14.755951,6.1870217
12803,24.834343,5.676619,13.538564,5.5216336
12804,20.079678,5.1951013,12.271083,4.8288665
12805,24.91391,5.684677,13.559774,5.5332265
12806,20.323093,5.2197523,12.335972,4.8643336
12807,29.491838,6.148298,14.78014,6.2002435
12808,24.884264,5.681675,13.551871,5.5289073
12809,20.13609,5.200814,12.286121,4.837086
12810,29.324177,6.131318,14.735446,6.1758137
12811,24.764706,5.669567,13.52,5.5114875
12812,15.41127,4.722318,11.026596,4.1486673
12813,20.204144,5.2077065,12.304262,4.8470016
12814,24.622929,5.6552086,13.482204,5.49083
12815,29.39663,6.1386557,14.75476,6.186371
12816,24.707428,5.6637664,13.50473,5.503142
12817,19.964973,5.183485,12.240505,4.8121543
12818,15.557368,4.737114,11.065543,4.169954
12819,19.998604,5.1868906,12.24947,4.8170543
12820,24.62764,5.655686,13.483461,5.491516
12821,20.240776,5.2114162,12.314028,4.8523393
12822,24.936375,5.6869526,13.565762,5.5365
12823,29.492836,6.1483974,14.780407,6.2003884
12824,29.493544,6.14847,14.780595,6.200491
12825,29.557114,6.1549077,14.797541,6.2097535
12826,29.352062,6.1341414,14.74288,6.179877
12827,20.284197,5.2158136,12.325603,4.858666
12828,29.47515,6.1466064,14.775692,6.197811
12829,29.540903,6.153266,14.793219,6.2073913
12830,24.70248,5.6632657,13.503413,5.502421
12831,20.259663,5.2133284,12.319062,4.8550906
12832,24.662994,5.6592665,13.492886,5.496668
12833,24.730679,5.666121,13.510929,5.5065293
12834,15.497396,4.7310405,11.049556,4.161216
12835,24.923634,5.6856623,13.5623665,5.534643
12836,20.067944,5.1939125,12.267954,4.8271565
12837,20.055,5.1926017,12.264505,4.825271
12838,29.30261,6.129133,14.729698,6.172672
12839,15.410775,4.722268,11.026464,4.1485953
12840,29.489166,6.1480265,14.7794285,6.1998534
12841,20.20718,5.2080135,12.305072,4.8474436
12842,19.980082,5.1850147,12.244533,4.8143554
12843,20.2327,5.210598,12.311874,4.8511624
12844,29.531563,6.15232,14.790731,6.2060304
12845,29.345104,6.133437,14.741026,6.178864
12846,29.518505,6.150998,14.78725,6.2041273
12847,15.5597315,4.7373533,11.066174,4.1702986
12848,15.406751,4.721861,11.025392,4.148009
12849,20.081686,5.1953044,12.271618,4.8291593
12850,24.70098,5.663113,13.503012,5.502202
12851,15.382389,4.7193933,11.018898,4.1444592
12852,29.580887,6.1573157,14.803879,6.213218
12853,20.160416,5.2032776,12.292606,4.84063
12854,15.478034,4.7290797,11.0443945,4.1583953
12855,20.063719,5.1934853,12.266829,4.8265414
12856,15.37419,4.718563,11.016712,4.143265
12857,15.522859,4.733619,11.056345,4.164926
12858,29.44765,6.1438217,14.768362,6.1938047
12859,24.6955,5.662558,13.501551,5.5014043
12860,15.467466,4.7280097,11.041576,4.156855
12861,15.4146185,4.7226577,11.027489,4.149155
12862,20.078327,5.1949644,12.270723,4.8286695
12863,15.428574,4.7240705,11.031209,4.1511884
12864,29.3322,6.13213,14.737585,6.1769834
12865,29.500027,6.1491256,14.782324,6.2014356
12866,15.636269,4.745105,11.086576,4.18145
12867,24.727224,5.6657715,13.510008,5.506026
12868,29.455849,6.1446524,14.770546,6.194999
12869,24.760649,5.669156,13.518919,5.510896
12870,15.483098,4.729593,11.045744,4.159133
12871,24.61443,5.6543484,13.47994,5.489592
12872,20.160034,5.2032394,12.292505,4.8405747
12873,29.430305,6.142065,14.763739,6.191278
12874,20.221512,5.209465,12.308893,4.8495317
12875,20.182781,5.205542,12.298569,4.8438888
12876,15.440547,4.725283,11.034401,4.1529326
12877,15.340724,4.7151737,11.0077915,4.1383886
12878,15.436866,4.7249107,11.03342,4.1523967
12879,20.094019,5.196553,12.274906,4.8309565
12880,15.419844,4.7231865,11.028883,4.1499166
12881,24.795906,5.672727,13.5283165,5.5160327
12882,15.58464,4.7398763,11.072813,4.173928
12883,24.68255,5.6612473,13.4981,5.4995174
12884,24.68718,5.661716,13.499334,5.5001917
12885,29.515152,6.150658,14.786356,6.203639
12886,20.082188,5.1953554,12.271751,4.829232
12887,15.611585,4.7426047,11.079995,4.1778536
12888,24.902971,5.6835694,13.556858,5.531633
12889,24.853466,5.6785564,13.54366,5.5244203
12890,20.098412,5.1969986,12.276077,4.8315964
12891,29.3157,6.13046,14.733188,6.1745796
12892,15.533006,4.7346473,11.059049,4.1664047
12893,20.309593,5.2183857,12.332374,4.862366
12894,29.375767,6.136543,14.749199,6.183331
12895,15.373798,4.7185235,11.016607,4.1432076
12896,20.279566,5.2153444,12.3243685,4.8579907
12897,15.669711,4.7484913,11.09549,4.1863227
12898,15.39626,4.720798,11.022594,4.14648
12899,20.027807,5.189848,12.257256,4.8213086
12900,20.128147,5.2000103,12.284004,4.8359294
12901,29.569725,6.156184,14.800901,6.2115903
12902,20.154568,5.2026854,12.291046,4.8397775
12903,15.432181,4.7244363,11.032171,4.151714
12904,29.552114,6.154402,14.796208,6.209025
12905,19.959875,5.182968,12.239146,4.8114114
12906,15.351496,4.7162647,11.010662,4.139958
12907,20.03922,5.191004,12.260298,4.8229723
12908,29.331165,6.132026,14.737309,6.1768327
12909,24.82511,5.6756845,13.536102,5.5202885
12910,24.843147,5.6775107,13.540911,5.5229163
12911,29.391167,6.1381016,14.753304,6.1855745
12912,24.941322,5.6874537,13.567081,5.5372214
12913,15.534774,4.734826,11.059519,4.1666617
12914,20.285944,5.21599,12.326069,4.8589206
12915,20.15109,5.2023335,12.290121,4.839272
12916,15.657984,4.7473035,11.092365,4.184614
12917,29.437704,6.1428146,14.765711,6.1923547
12918,15.6165495,4.743108,11.081319,4.178577
12919,24.848827,5.6780863,13.542425,5.523744
12920,15.445819,4.725817,11.035807,4.1537013
12921,29.254524,6.124264,14.716879,6.1656656
12922,24.840504,5.6772437,13.540205,5.522532
12923,15.484284,4.729713,11.046061,4.1593056
12924,29.335657,6.1324806,14.738507,6.177487
12925,15.643292,4.7458158,11.088448,4.182473
12926,15.465819,4.727843,11.041138,4.1566153
12927,29.445103,6.1435633,14.767682,6.1934333
12928,20.112852,5.1984606,12.279926,4.8337007
12929,15.669286,4.7484484,11.095377,4.1862607
12930,29.342695,6.133193,14.740383,6.1785126
12931,24.73035,5.666088,13.510842,5.506482
12932,24.722256,5.665268,13.508684,5.505302
12933,15.590114,4.7404304,11.074272,4.174725
12934,29.341805,6.133103,14.740147,6.178383
12935,29.460133,6.1450863,14.771688,6.195624
12936,15.444261,4.7256594,11.035392,4.1534743
12937,29.3553,6.1344695,14.743744,6.180349
12938,15.393828,4.720552,11.021947,4.1461263
12939,19.98344,5.1853547,12.245429,4.8148446
12940,20.298744,5.217287,12.329481,4.860785
12941,15.368535,4.7179904,11.015203,4.142441
12942,15.404578,4.7216406,11.024813,4.147692
12943,15.516931,4.733019,11.054763,4.1640625
12944,24.966038,5.689956,13.573669,5.5408216
12945,29.47321,6.1464105,14.775175,6.197529
12946,29.405064,6.1395087,14.757008,6.1875997
12947,29.491848,6.148298,14.780143,6.200245
12948,29.30381,6.1292553,14.730019,6.1728473
12949,24.634872,5.656419,13.48539,5.4925704
12950,24.735247,5.6665835,13.512146,5.507195
12951,29.47493,6.1465845,14.775634,6.197779
12952,15.423654,4.7235727,11.029898,4.1504717
12953,24.609245,5.653823,13.478559,5.488837
12954,15.567919,4.7381825,11.068356,4.1714916
12955,15.562851,4.737669,11.067004,4.170753
12956,29.332035,6.1321135,14.737541,6.176959
12957,29.59874,6.1591234,14.808638,6.215819
12958,24.87233,5.6804667,13.548691,5.527168
12959,24.579327,5.6507936,13.470583,5.4844775
12960,15.430318,4.724248,11.031674,4.1514425
12961,15.626084,4.744073,11.083861,4.1799664
12962,29.26984,6.1258154,14.720962,6.167898
12963,15.406621,4.7218475,11.025356,4.1479897
12964,20.108746,5.198045,12.2788315,4.8331017
12965,29.461788,6.1452537,14.77213,6.1958647
12966,15.648958,4.74639,11.089958,4.183299
12967,15.45564,4.726812,11.0384245,4.1551323
12968,15.446147,4.7258506,11.035894,4.1537495
12969,24.790375,5.6721663,13.526842,5.515227
12970,15.553504,4.736723,11.064512,4.169391
12971,29.446045,6.1436596,14.767933,6.1935706
12972,24.67249,5.6602283,13.495417,5.498051
12973,24.64904,5.657853,13.489166,5.4946346
12974,19.966053,5.1835938,12.240793,4.812311
12975,29.587357,6.157971,14.805605,6.2141604
12976,29.377205,6.1366878,14.749582,6.1835403
12977,20.069233,5.1940436,12.268299,4.827345
12978,19.989187,5.1859365,12.24696,4.815682
12979,29.39341,6.138328,14.753901,6.185901
12980,29.584965,6.157728,14.804965,6.213812
12981,15.415868,4.722784,11.0278225,4.1493373
12982,15.650781,4.746574,11.090445,4.183564
12983,20.228195,5.2101417,12.310675,4.8505063
12984,15.6239,4.743852,11.083279,4.1796484
12985,20.0456,5.1916504,12.261999,4.8239017
12986,20.307585,5.2181816,12.331839,4.8620734
12987,20.059061,5.193013,12.265587,4.8258634
12988,15.578902,4.739295,11.071283,4.1730914
12989,20.138721,5.201081,12.286822,4.83747
12990,15.65015,4.7465105,11.090277,4.1834726
12991,15.635283,4.7450047,11.086313,4.181307
12992,20.034958,5.1905727,12.259162,4.822351
12993,15.53468,4.7348166,11.059494,4.1666484
12994,20.12088,5.1992736,12.282066,4.8348703
12995,29.375256,6.136491,14.749062,6.1832566
12996,20.23644,5.210977,12.312872,4.851708
12997,20.007298,5.187771,12.251789,4.8183208
12998,29.422997,6.141326,14.761788,6.1902122
12999,20.15982,5.203217,12.292448,4.8405437
13000,15.482481,4.72953,11.045579,4.1590424
13001,29.503635,6.149492,14.783286,6.2019615
13002,29.355797,6.1345196,14.7438755,6.1804214
13003,15.539638,4.735318,11.060816,4.167371
13004,29.429106,6.1419444,14.763418,6.1911025
13005,20.021963,5.1892557,12.255697,4.8204575
13006,29.269108,6.1257405,14.720766,6.16779
13007,24.860136,5.6792316,13.545439,5.525391
13008,29.398195,6.1388135,14.755177,6.186599
13009,29.302063,6.1290784,14.729552,6.1725926
13010,20.052881,5.192387,12.26394,4.824962
13011,20.283625,5.2157555,12.325451,4.858582
13012,29.430256,6.1420608,14.763724,6.1912704
13013,15.590665,4.740486,11.074419,4.174805
13014,15.451543,4.726397,11.037333,4.1545353
13015,29.343258,6.1332498,14.740533,6.1785946
13016,20.278141,5.2152004,12.323989,4.8577833
13017,24.670067,5.6599827,13.494772,5.497699
13018,15.624622,4.743925,11.083471,4.1797533
13019,24.792717,5.6724043,13.527467,5.5155683
13020,15.369724,4.718111,11.015522,4.142614
13021,15.441743,4.7254043,11.03472,4.153107
13022,29.383442,6.13732,14.7512455,6.184449
13023,15.531266,4.734471,11.058584,4.166151
13024,24.70253,5.6632705,13.503426,5.5024285
13025,29.310225,6.1299043,14.731728,6.173782
13026,20.18284,5.205549,12.298584,4.843898
13027,20.047401,5.1918325,12.262479,4.824164
13028,15.491691,4.7304626,11.048035,4.1603847
13029,24.968204,5.6901755,13.574247,5.541137
13030,29.461391,6.145214,14.772024,6.195807
13031,20.193548,5.2066326,12.301437,4.8454585
13032,20.2666,5.214031,12.320911,4.856102
13033,15.474107,4.7286816,11.043346,4.1578226
13034,20.096884,5.1968436,12.275669,4.8313737
13035,29.33583,6.132498,14.738553,6.1775117
13036,15.56726,4.7381163,11.06818,4.1713953
13037,15.580485,4.739455,11.071706,4.1733227
13038,24.905258,5.683801,13.5574665,5.5319667
13039,29.471,6.146187,14.774586,6.197207
13040,20.221687,5.2094827,12.308939,4.849558
13041,29.498775,6.148999,14.78199,6.2012534
13042,15.403178,4.721499,11.02444,4.147488
13043,20.128626,5.2000585,12.284132,4.835999
13044,19.973583,5.184356,12.2428,4.8134084
13045,24.93956,5.687275,13.566612,5.536964
13046,24.92752,5.6860557,13.563402,5.53521
13047,20.218435,5.2091537,12.308074,4.8490844
13048,24.757408,5.668828,13.518054,5.5104237
13049,15.462161,4.7274723,11.040163,4.156082
13050,20.242725,5.2116137,12.3145485,4.852623
13051,20.134756,5.200679,12.285765,4.8368917
13052,24.781754,5.6712937,13.524544,5.513972
13053,15.450873,4.726329,11.037153,4.1544375
13054,24.650742,5.6580257,13.48962,5.494883
13055,29.482784,6.14738,14.777728,6.1989236
13056,20.110638,5.1982365,12.279337,4.833378
13057,24.643555,5.657298,13.487703,5.4938354
13058,29.335924,6.1325073,14.738577,6.177526
13059,20.161865,5.2034245,12.292993,4.840842
13060,29.590622,6.1583004,14.806475,6.214636
13061,20.268547,5.2142286,12.321432,4.8563857
13062,29.330221,6.13193,14.737059,6.1766953
13063,29.504465,6.149575,14.783506,6.202082
13064,15.4290495,4.7241187,11.031336,4.151258
13065,29.577833,6.1570053,14.803065,6.212773
13066,15.584414,4.739853,11.072752,4.173895
13067,24.908783,5.6841583,13.558408,5.53248
13068,20.00926,5.1879697,12.252312,4.818607
13069,15.442896,4.725521,11.035027,4.153275
13070,19.994812,5.1865063,12.248459,4.8165016
13071,15.386447,4.7198043,11.0199795,4.1450505
13072,20.042442,5.19133,12.261157,4.823442
13073,20.08782,5.1959257,12.273254,4.8300533
13074,20.192505,5.2065277,12.301161,4.8453064
13075,24.83683,5.6768713,13.5392275,5.521996
13076,20.308102,5.2182345,12.331976,4.862149
13077,20.035427,5.19062,12.259287,4.8224187
13078,24.782545,5.671374,13.5247555,5.5140862
13079,20.301544,5.21757,12.330228,4.861193
13080,29.333223,6.1322336,14.737857,6.1771326
13081,20.26168,5.2135334,12.319601,4.8553853
13082,20.114305,5.198608,12.2803135,4.833912
13083,15.583914,4.739803,11.072619,4.173822
13084,24.849766,5.6781816,13.542674,5.5238805
13085,20.069698,5.1940904,12.268423,4.827413
13086,20.204903,5.2077827,12.304465,4.847112
13087,20.126373,5.19983,12.283531,4.8356705
13088,20.298304,5.2172422,12.329364,4.860721
13089,29.463951,6.1454735,14.772707,6.1961794
13090,20.17544,5.204799,12.296612,4.8428197
13091,15.372846,4.7184267,11.016354,4.143069
13092,24.700882,5.663103,13.502987,5.502188
13093,15.419614,4.723163,11.02882,4.149883
13094,15.6171665,4.7431703,11.081484,4.1786666
13095,15.534387,4.7347865,11.059416,4.1666055
13096,24.752579,5.668339,13.516766,5.5097203
13097,15.617063,4.7431593,11.081456,4.178652
13098,29.27226,6.1260595,14.721607,6.1682506
13099,15.479339,4.729212,11.044742,4.158585
13100,29.541838,6.153361,14.793468,6.2075276
13101,24.741892,5.6672564,13.513918,5.5081635
13102,20.313555,5.2187867,12.333428,4.862943
13103,15.4325075,4.724469,11.032258,4.1517615
13104,24.769714,5.670074,13.521335,5.512217
13105,24.874996,5.6807365,13.549399,5.527557
13106,20.141365,5.2013483,12.287527,4.837855
13107,24.952648,5.6886,13.570101,5.5388713
13108,15.4179735,4.722997,11.028383,4.149644
13109,29.405369,6.1395397,14.757091,6.187644
13110,29.603695,6.159625,14.809959,6.2165413
13111,24.88829,5.6820827,13.552944,5.529494
13112,20.162666,5.203505,12.293206,4.8409586
13113,15.423131,4.7235193,11.0297575,4.1503954
13114,15.403307,4.721512,11.024474,4.147507
13115,29.30436,6.1293106,14.730164,6.1729264
13116,24.797108,5.6728487,13.528637,5.516208
13117,29.413754,6.140389,14.759326,6.188865
13118,24.895563,5.682819,13.554884,5.5305533
13119,24.671833,5.660162,13.495241,5.497956
13120,24.724129,5.6654577,13.509184,5.5055747
13121,24.699043,5.662917,13.502497,5.5019197
13122,29.516918,6.1508365,14.786827,6.2038975
13123,15.412009,4.7223935,11.0267935,4.148775
13124,19.995865,5.186613,12.24874,4.8166547
13125,24.93911,5.6872287,13.566492,5.5368986
13126,20.290031,5.216404,12.327158,4.8595157
13127,24.799837,5.6731253,13.529366,5.5166063
13128,29.317917,6.1306844,14.733778,6.174902
13129,24.670448,5.6600213,13.494873,5.4977536
13130,24.859455,5.679163,13.545258,5.525293
13131,20.109386,5.1981096,12.279002,4.8331947
13132,20.11621,5.198801,12.280822,4.83419
13133,29.403316,6.1393323,14.756544,6.187345
13134,24.827267,5.675903,13.536677,5.5206027
13135,29.343433,6.133267,14.74058,6.1786194
13136,20.032402,5.190313,12.25848,4.8219786
13137,15.449389,4.7261786,11.036758,4.1542215
13138,24.790806,5.6722107,13.526958,5.51529
13139,20.078375,5.194969,12.270736,4.8286767
13140,15.415046,4.7227006,11.027603,4.1492176
13141,29.514442,6.150586,14.786166,6.2035365
13142,15.477603,4.729036,11.044279,4.1583323
13143,29.386719,6.1376514,14.752121,6.184927
13144,20.155066,5.202736,12.29118,4.839851
13145,15.386017,4.719761,11.019865,4.1449876
13146,29.379284,6.1368985,14.750137,6.183843
13147,29.263416,6.125164,14.719249,6.166961
13148,20.094194,5.1965714,12.274954,4.8309817
13149,24.789722,5.6721,13.526669,5.515132
13150,24.810482,5.6742024,13.532202,5.5181565
13151,24.87688,5.6809273,13.549902,5.5278316
13152,15.429082,4.724122,11.031345,4.1512628
13153,24.67802,5.660788,13.496891,5.498857
13154,24.964361,5.689787,13.573224,5.5405774
13155,20.182207,5.2054844,12.298414,4.8438053
13156,15.53777,4.73513,11.060318,4.167099
13157,29.319874,6.1308823,14.734299,6.1751876
13158,15.389251,4.7200885,11.020727,4.1454587
13159,20.20526,5.2078195,12.30456,4.847164
13160,15.623878,4.7438493,11.083273,4.1796446
13161,24.82843,5.6760206,13.536987,5.5207725
13162,15.441293,4.725359,11.034599,4.153042
13163,20.01656,5.1887093,12.254257,4.8196697
13164,29.518621,6.151009,14.787281,6.204145
13165,24.771673,5.670273,13.521857,5.5125027
13166,29.375217,6.136487,14.749054,6.1832504
13167,24.950191,5.688352,13.569447,5.5385127
13168,20.278625,5.215249,12.324117,4.8578534
13169,15.603847,4.741821,11.077932,4.176726
13170,29.506435,6.149775,14.784032,6.2023697
13171,19.974054,5.184404,12.242926,4.8134766
13172,29.34935,6.1338673,14.742157,6.1794825
13173,24.790451,5.672175,13.526863,5.5152383
13174,15.619682,4.743425,11.082155,4.1790333
13175,24.803993,5.673546,13.530474,5.5172114
13176,24.810612,5.6742163,13.532238,5.5181766
13177,15.467131,4.727976,11.041488,4.1568065
13178,24.746212,5.6676946,13.515071,5.508793
13179,15.576555,4.739057,11.070658,4.17275
13180,29.288712,6.127726,14.725991,6.1706467
13181,15.456603,4.7269096,11.038681,4.1552725
13182,24.694399,5.6624475,13.501257,5.5012436
13183,15.450793,4.7263207,11.037132,4.154426
13184,29.438917,6.1429377,14.766033,6.192532
13185,15.409732,4.7221627,11.026187,4.148443
13186,15.512328,4.7325525,11.053536,4.1633916
13187,24.69862,5.662874,13.502384,5.501859
13188,24.708328,5.6638575,13.5049715,5.5032735
13189,29.487417,6.147849,14.778962,6.199599
13190,15.592538,4.740676,11.074918,4.1750784
13191,15.506104,4.7319226,11.051877,4.1624846
13192,20.29468,5.216875,12.328398,4.860193
13193,29.455458,6.1446123,14.770442,6.194942
13194,24.841724,5.677367,13.540531,5.5227094
13195,24.79839,5.672978,13.528978,5.516395
13196,20.30391,5.2178097,12.330858,4.8615384
13197,15.393564,4.7205253,11.021876,4.1460876
13198,24.665348,5.659505,13.493513,5.4970107
13199,29.486992,6.147806,14.778851,6.1995363
13200,29.411377,6.140149,14.758692,6.1885195
13201,20.12885,5.200081,12.284191,4.8360314
13202,24.909477,5.684229,13.558593,5.532581
13203,24.950085,5.688341,13.569418,5.5384974
13204,15.604476,4.7418847,11.0781,4.176818
13205,20.126715,5.1998644,12.283623,4.83572
13206,20.257397,5.2130995,12.318459,4.8547606
13207,20.201763,5.207465,12.303629,4.846655
13208,15.419797,4.7231817,11.02887,4.1499095
13209,29.377605,6.136728,14.749689,6.1835995
13210,15.4901495,4.730307,11.047624,4.1601605
13211,15.53418,4.7347655,11.0593605,4.1665754
13212,24.910332,5.684315,13.558821,5.5327053
13213,15.358424,4.7169666,11.01251,4.140968
13214,29.450687,6.1441298,14.769171,6.1942472
13215,29.53956,6.1531296,14.792862,6.2071958
13216,24.798927,5.6730328,13.529123,5.5164733
13217,29.44437,6.14349,14.767488,6.1933265
13218,29.331768,6.1320863,14.737469,6.1769204
13219,20.062061,5.193317,12.266388,4.8263
13220,24.73759,5.666821,13.512772,5.5075364
13221,29.55671,6.154867,14.797435,6.2096953
13222,15.623238,4.743785,11.083102,4.1795516
13223,15.469611,4.7282267,11.042149,4.1571674
13224,29.584568,6.1576886,14.804861,6.213754
13225,20.044823,5.191571,12.261791,4.823788
13226,24.632416,5.65617,13.4847355,5.4922123
13227,15.558762,4.7372556,11.065914,4.1701574
13228,29.307522,6.129631,14.731007,6.1733875
13229,19.97749,5.1847525,12.243843,4.8139777
13230,24.85816,5.6790314,13.544914,5.525104
13231,29.391422,6.1381273,14.753372,6.1856117
13232,15.510003,4.732317,11.052917,4.163053
13233,15.605474,4.741986,11.078367,4.1769633
13234,29.591564,6.1583967,14.8067255,6.214773
13235,29.48981,6.1480923,14.779602,6.199947
13236,15.493767,4.7306733,11.048588,4.1606874
13237,29.494297,6.1485457,14.780796,6.200601
13238,15.477599,4.729036,11.044279,4.158332
13239,29.32705,6.131609,14.736212,6.176233
13240,20.130505,5.2002487,12.284634,4.8362727
13241,15.546024,4.7359653,11.062519,4.168301
13242,20.06771,5.1938896,12.267893,4.8271236
13243,24.71244,5.664274,13.506067,5.5038724
13244,24.72652,5.6657004,13.509821,5.5059237
13245,15.41504,4.7227,11.027601,4.1492167
13246,29.53313,6.152478,14.791147,6.2062593
13247,20.189827,5.2062564,12.300446,4.844916
13248,29.306114,6.129488,14.730631,6.173182
13249,15.655013,4.747003,11.091573,4.184181
13250,24.79774,5.672913,13.528807,5.5163007
13251,15.402159,4.7213955,11.024168,4.14734
13252,29.509727,6.1501093,14.78491,6.20285
13253,24.651049,5.6580567,13.489701,5.4949274
13254,15.508244,4.7321386,11.052447,4.1627965
13255,24.835588,5.676746,13.538895,5.5218153
13256,29.399736,6.1389694,14.7555895,6.1868243
13257,15.483814,4.7296653,11.045935,4.159237
13258,24.933067,5.686618,13.564882,5.536018
13259,20.204113,5.2077026,12.304255,4.846997
13260,15.532203,4.7345657,11.058835,4.166288
13261,15.671218,4.748644,11.095892,4.1865425
13262,15.364559,4.717588,11.014145,4.1418614
13263,20.210049,5.208304,12.305838,4.8478622
13264,20.165302,5.203772,12.293908,4.8413415
13265,24.80701,5.673851,13.531277,5.517651
13266,29.397112,6.138704,14.7548895,6.186441
13267,15.389479,4.7201114,11.020787,4.145492
13268,15.433271,4.7245464,11.032461,4.151873
13269,24.702164,5.6632333,13.503327,5.502374
13270,15.553809,4.7367535,11.064593,4.1694355
13271,15.632542,4.7447267,11.085582,4.1809072
13272,29.314919,6.13038,14.73298,6.1744657
13273,24.711481,5.6641765,13.505812,5.503732
13274,29.486675,6.147774,14.778765,6.199491
13275,29.464123,6.14549,14.772752,6.1962047
13276,20.14489,5.2017055,12.288466,4.838368
13277,19.998405,5.1868706,12.249418,4.817025
13278,20.292225,5.216626,12.327743,4.8598356
13279,29.505405,6.1496716,14.783757,6.2022195
13280,20.164238,5.203665,12.293625,4.841187
13281,24.840214,5.6772137,13.540129,5.522489
13282,15.479434,4.729222,11.044767,4.158599
13283,24.863283,5.6795506,13.546278,5.525851
13284,20.261694,5.2135344,12.319604,4.855387
13285,20.129412,5.200138,12.284341,4.8361135
13286,20.198324,5.2071166,12.3027115,4.8461537
13287,24.714893,5.664522,13.5067215,5.5042295
13288,20.132336,5.2004337,12.28512,4.836539
13289,29.326633,6.1315665,14.736101,6.1761723
13290,15.401311,4.72131,11.023942,4.147217
13291,20.096443,5.1967993,12.275553,4.83131
13292,24.69332,5.6623373,13.500969,5.501086
13293,29.399878,6.138984,14.755627,6.1868443
13294,29.36235,6.135184,14.745623,6.1813755
13295,24.864119,5.6796346,13.546501,5.525972
13296,20.216223,5.208929,12.307482,4.848762
13297,29.430449,6.14208,14.763777,6.191299
13298,24.81955,5.6751213,13.534619,5.5194783
13299,24.802818,5.673427,13.530161,5.5170407
13300,24.906166,5.683893,13.557711,5.532099
13301,20.208927,5.208191,12.305537,4.8476987
13302,15.552673,4.736638,11.064291,4.16927
13303,29.584515,6.157683,14.804848,6.2137465
13304,24.755772,5.668662,13.517618,5.5101857
13305,20.238491,5.2111845,12.313419,4.8520064
13306,20.15427,5.2026553,12.290967,4.8397355
13307,29.467777,6.1458607,14.773727,6.1967373
13308,24.78154,5.6712723,13.524488,5.5139403
13309,29.594526,6.158697,14.807514,6.215205
13310,24.803673,5.673514,13.530388,5.5171657
13311,20.302826,5.2177,12.330568,4.86138
13312,15.409403,4.7221293,11.026098,4.148395
13313,29.372095,6.1361704,14.74822,6.182796
13314,20.158295,5.2030635,12.292041,4.8403215
13315,24.736712,5.666732,13.512537,5.5074077
13316,20.296524,5.217062,12.32889,4.8604617
13317,15.576413,4.7390428,11.07062,4.172729
13318,20.172205,5.2044716,12.295749,4.8423476
13319,20.306946,5.218117,12.331667,4.86198
13320,24.891823,5.6824408,13.553886,5.5300083
13321,15.529361,4.7342777,11.058077,4.1658735
13322,20.061085,5.193218,12.266125,4.826157
13323,24.737255,5.666787,13.512682,5.507488
13324,29.31314,6.1302004,14.732505,6.1742063
13325,24.961586,5.6895056,13.572483,5.540173
13326,29.485287,6.1476336,14.778397,6.199288
13327,24.899233,5.683191,13.555861,5.5310884
13328,20.313848,5.2188163,12.333508,4.862986
13329,15.487865,4.7300754,11.047016,4.159827
13330,20.157312,5.2029634,12.291779,4.8401785
13331,15.606504,4.74209,11.078641,4.1771135
13332,24.929863,5.686293,13.564028,5.535551
13333,15.600499,4.7414823,11.077042,4.176239
13334,24.683308,5.6613235,13.498301,5.4996276
13335,15.576262,4.739028,11.07058,4.172707
13336,20.055656,5.1926684,12.264679,4.8253665
13337,20.293444,5.2167497,12.328068,4.860013
13338,15.375424,4.718688,11.017041,4.1434445
13339,29.445892,6.143644,14.767893,6.193548
13340,24.847439,5.677945,13.542053,5.5235415
13341,20.308474,5.218272,12.332073,4.862203
13342,20.1124,5.198415,12.279806,4.833634
13343,15.451051,4.726347,11.037201,4.1544633
13344,15.3940525,4.720575,11.022007,4.146158
13345,24.919834,5.6852784,13.561354,5.5340896
13346,20.222464,5.2095613,12.309147,4.849671
13347,15.386644,4.7198243,11.020032,4.145079
13348,24.703789,5.663398,13.503761,5.5026116
13349,24.81546,5.6747074,13.533529,5.5188828
13350,19.996466,5.186674,12.2489,4.816743
13351,24.738682,5.666932,13.513063,5.5076957
13352,24.763023,5.6693964,13.51955,5.5112424
13353,15.598666,4.7412963,11.076551,4.1759715
13354,15.553768,4.736749,11.064583,4.1694293
13355,24.9754,5.690905,13.576166,5.5421863
13356,24.825474,5.675721,13.536199,5.5203414
13357,29.402515,6.139251,14.7563305,6.187228
13358,20.058804,5.1929874,12.265518,4.8258243
13359,15.396812,4.7208543,11.022742,4.1465607
13360,20.266048,5.213976,12.3207655,4.8560214
13361,29.445034,6.1435566,14.767665,6.1934233
13362,15.614516,4.7429013,11.080776,4.178281
13363,29.46286,6.145363,14.772417,6.1960206
13364,15.5175905,4.7330856,11.054939,4.1641583
13365,15.659419,4.747449,11.092747,4.184823
13366,29.36464,6.135415,14.746231,6.18171
13367,20.292809,5.2166853,12.3279,4.85992
13368,15.56667,4.738056,11.068023,4.1713095
13369,20.04168,5.1912527,12.260954,4.8233304
13370,15.475043,4.7287765,11.043597,4.157959
13371,29.401537,6.1391516,14.756069,6.187085
13372,29.495462,6.1486635,14.781109,6.200772
13373,29.571922,6.1564064,14.801489,6.2119107
13374,24.954517,5.6887894,13.5706,5.539143
13375,24.688683,5.661868,13.499734,5.5004106
13376,29.461054,6.1451793,14.7719345,6.1957574
13377,15.396417,4.720814,11.022636,4.146503
13378,24.883257,5.6815724,13.551603,5.5287604
13379,20.033638,5.1904383,12.25881,4.822159
13380,24.673914,5.6603723,13.495797,5.498259
13381,15.421969,4.723402,11.0294485,4.1502266
13382,20.130024,5.2002,12.284505,4.836202
13383,24.936789,5.686994,13.565874,5.5365605
13384,20.171904,5.204441,12.295668,4.8423038
13385,15.455985,4.7268467,11.038516,4.1551824
13386,20.229977,5.2103224,12.31115,4.8507657
13387,24.680862,5.661076,13.497648,5.499271
13388,29.529253,6.1520863,14.790115,6.2056937
13389,29.434399,6.1424804,14.764831,6.191874
13390,29.422935,6.1413193,14.761772,6.190203
13391,15.41428,4.722623,11.027399,4.149106
13392,29.562534,6.155457,14.798986,6.2105436
13393,29.41269,6.1402817,14.759043,6.1887107
13394,20.251507,5.2125025,12.316889,4.8539023
13395,15.552047,4.7365756,11.064125,4.169179
13396,15.395499,4.7207212,11.022393,4.14637
13397,24.765995,5.6696978,13.520344,5.5116754
13398,24.948261,5.6881566,13.568932,5.5382323
13399,15.513337,4.732655,11.053804,4.163539
13400,24.812477,5.674405,13.532735,5.5184484
13401,24.753822,5.668465,13.517097,5.5099015
13402,24.888472,5.682101,13.552993,5.52952
13403,20.222095,5.209524,12.309049,4.8496175
13404,24.739511,5.6670156,13.513283,5.5078163
13405,24.751438,5.668224,13.516463,5.5095544
13406,15.543275,4.735687,11.061787,4.167901
13407,24.805841,5.6737337,13.530966,5.5174813
13408,15.46276,4.727533,11.040323,4.1561694
13409,29.450941,6.144155,14.769238,6.194284
13410,15.454715,4.726718,11.0381775,4.1549973
13411,29.386354,6.1376147,14.752022,6.1848736
13412,29.557608,6.1549573,14.797672,6.209826
13413,20.22495,5.2098136,12.309809,4.8500333
13414,15.678544,4.7493863,11.097845,4.1876097
13415,15.554748,4.736849,11.064843,4.1695724
13416,29.434368,6.1424775,14.764822,6.1918697
13417,15.474688,4.7287407,11.043502,4.1579075
13418,24.600933,5.6529818,13.476342,5.487625
13419,29.352114,6.1341467,14.742892,6.1798844
13420,29.36543,6.135495,14.746443,6.1818247
13421,20.107939,5.197963,12.278617,4.8329844
13422,15.411794,4.722371,11.026735,4.148743
13423,15.441613,4.725391,11.034685,4.1530886
13424,24.694115,5.662418,13.501183,5.501202
13425,29.510298,6.150166,14.785061,6.202933
13426,20.17596,5.2048516,12.296749,4.842895
13427,15.450481,4.7262893,11.037048,4.1543803
13428,24.827562,5.675933,13.536756,5.520646
13429,15.591245,4.740545,11.0745735,4.17489
13430,24.861818,5.6794024,13.545887,5.525636
13431,24.735342,5.666593,13.512173,5.5072083
13432,29.459957,6.145068,14.771642,6.195598
13433,20.230015,5.210326,12.311159,4.850771
13434,20.191372,5.2064123,12.300858,4.845141
13435,20.158792,5.203113,12.292173,4.8403935
13436,29.583717,6.1576023,14.804634,6.2136307
13437,24.78392,5.671513,13.525122,5.5142865
13438,29.31034,6.1299167,14.731759,6.173799
13439,24.861696,5.6793895,13.5458555,5.5256195
13440,15.514597,4.7327824,11.05414,4.1637225
13441,24.90694,5.6839714,13.557917,5.5322113
13442,24.780819,5.6711993,13.524296,5.513835
13443,29.505669,6.1496973,14.783827,6.2022576
13444,20.118084,5.198991,12.281322,4.8344626
13445,24.922815,5.6855793,13.562148,5.5345244
13446,29.310076,6.12989,14.731687,6.17376
13447,29.473894,6.1464796,14.775358,6.1976285
13448,24.65891,5.658853,13.491797,5.496073
13449,20.206692,5.207964,12.304941,4.8473725
13450,20.090694,5.1962166,12.274019,4.830472
13451,20.200068,5.207293,12.303176,4.8464074
13452,20.068087,5.193927,12.267993,4.8271775
13453,20.280151,5.215404,12.324525,4.858076
13454,24.817732,5.674937,13.534136,5.519213
13455,15.650804,4.746577,11.09045,4.1835675
13456,20.243324,5.2116737,12.314707,4.8527102
13457,24.91473,5.684761,13.559994,5.5333467
13458,29.594158,6.1586595,14.807417,6.2151513
13459,15.546799,4.736044,11.062725,4.168414
13460,15.513351,4.732656,11.053808,4.163541
13461,29.436993,6.1427426,14.76552,6.1922517
13462,20.151447,5.202369,12.290215,4.839323
13463,15.615256,4.7429767,11.080974,4.1783886
13464,20.263792,5.2137465,12.320164,4.8556924
13465,20.082268,5.1953635,12.271774,4.829244
13466,20.220741,5.209387,12.308687,4.84942
13467,29.612211,6.1604877,14.812229,6.2177825
13468,24.94263,5.6875863,13.5674305,5.537411
13469,20.022123,5.1892724,12.255739,4.8204803
13470,29.571556,6.15637,14.801392,6.2118573
13471,24.692623,5.662267,13.500784,5.500984
13472,29.42881,6.1419144,14.763338,6.1910596
13473,15.492807,4.7305756,11.048332,4.1605473
13474,24.871616,5.6803937,13.5485,5.527064
13475,19.996939,5.186722,12.249027,4.816811
13476,24.823751,5.6755476,13.53574,5.5200906
13477,29.363031,6.135252,14.745804,6.181475
13478,20.077627,5.1948934,12.270536,4.828568
13479,24.820341,5.6752014,13.53483,5.5195937
13480,24.858189,5.679034,13.54492,5.5251083
13481,15.463737,4.7276316,11.040583,4.156312
13482,20.229782,5.2103024,12.311097,4.850737
13483,20.144613,5.2016773,12.288395,4.838328
13484,29.499784,6.149101,14.782259,6.2014003
13485,15.38577,4.7197356,11.019798,4.1449513
13486,29.47675,6.146769,14.776119,6.1980443
13487,24.871855,5.6804185,13.548563,5.527099
13488,15.435393,4.7247615,11.033027,4.152182
13489,24.689133,5.6619134,13.499855,5.500476
13490,29.5236,6.1515136,14.788609,6.20487
13491,29.456482,6.1447163,14.770717,6.1950917
13492,24.72942,5.6659937,13.510594,5.506346
13493,24.67611,5.6605945,13.496382,5.4985785
13494,24.873737,5.680609,13.549066,5.527374
13495,29.446283,6.1436834,14.767998,6.193605
13496,15.379991,4.7191505,11.018258,4.1441097
13497,24.74459,5.6675305,13.514638,5.508557
13498,29.312742,6.13016,14.732399,6.174148
13499,20.201843,5.2074733,12.30365,4.846667
13500,15.461713,4.7274265,11.040044,4.1560173
13501,15.514407,4.7327633,11.0540905,4.1636944
13502,15.633708,4.744845,11.085894,4.181077
13503,15.5299425,4.7343364,11.058232,4.165958
13504,15.478215,4.729098,11.044443,4.158421
13505,24.662544,5.6592207,13.492765,5.496602
13506,29.301992,6.1290708,14.729532,6.172581
13507,29.417603,6.140779,14.760351,6.189427
13508,15.590833,4.7405033,11.074464,4.1748304
13509,15.442991,4.725531,11.035052,4.1532893
13510,24.668541,5.6598287,13.494366,5.497476
13511,15.671944,4.748718,11.0960865,4.1866484
13512,24.67432,5.6604133,13.495907,5.4983177
13513,20.130924,5.2002907,12.284744,4.8363338
13514,29.537039,6.1528745,14.792191,6.2068286
13515,24.915274,5.6848154,13.560139,5.5334263
13516,24.830597,5.6762404,13.537565,5.5210876
13517,29.443,6.143351,14.767122,6.193126
13518,15.419082,4.7231097,11.028679,4.1498055
13519,20.009346,5.1879783,12.252335,4.8186193
13520,29.607399,6.16,14.810947,6.2170806
13521,15.5948,4.740905,11.075521,4.1754084
13522,20.29163,5.2165666,12.327585,4.8597493
13523,29.317743,6.1306663,14.733732,6.1748767
13524,15.576734,4.7390757,11.070705,4.1727757
13525,29.519672,6.151116,14.787561,6.204299
13526,15.555285,4.7369027,11.064987,4.169651
13527,20.110168,5.198189,12.279211,4.833309
13528,29.584469,6.1576777,14.804834,6.213739
13529,24.790339,5.672163,13.526833,5.515222
13530,20.063534,5.193466,12.266779,4.8265142
13531,24.790298,5.672159,13.526823,5.515216
13532,20.028912,5.18996,12.257549,4.82147
13533,29.25058,6.1238637,14.715828,6.165091
13534,29.302683,6.129141,14.729717,6.1726823
13535,20.126324,5.1998253,12.283518,4.8356633
13536,20.207302,5.208026,12.305104,4.847461
13537,15.526933,4.7340317,11.057429,4.1655197
13538,15.510194,4.7323365,11.052967,4.1630807
13539,29.486897,6.1477966,14.778823,6.199523
13540,20.178123,5.205071,12.297326,4.84321
13541,15.330911,4.7141805,11.005175,4.136959
13542,29.37864,6.136833,14.749965,6.183749
13543,29.403595,6.1393604,14.756617,6.187386
13544,29.364836,6.135435,14.7462845,6.181739
13545,24.827204,5.675896,13.536661,5.520593
13546,24.8815,5.6813955,13.551135,5.528505
13547,29.429344,6.1419683,14.763479,6.1911373
13548,29.414898,6.1405053,14.75963,6.189032
13549,20.169922,5.2042403,12.295139,4.8420153
13550,24.838158,5.677006,13.539581,5.5221896
13551,20.312405,5.21867,12.333122,4.8627753
13552,24.94384,5.687709,13.567754,5.5375876
13553,20.150026,5.2022257,12.289837,4.8391166
13554,29.407217,6.1397266,14.757582,6.1879134
13555,20.24115,5.2114534,12.314128,4.8523936
13556,29.30934,6.129815,14.731492,6.173652
13557,20.314987,5.218931,12.333811,4.8631516
13558,24.745548,5.667627,13.514893,5.508696
13559,15.528453,4.7341857,11.057835,4.165741
13560,24.935627,5.6868773,13.565563,5.536391
13561,29.317184,6.13061,14.733582,6.1747956
13562,29.432018,6.1422386,14.7641945,6.1915274
13563,15.393575,4.720526,11.021879,4.146089
13564,24.7502,5.668098,13.516132,5.5093737
13565,29.481857,6.1472864,14.77748,6.198789
13566,20.296734,5.217083,12.328944,4.860492
13567,20.164122,5.203653,12.293594,4.841171
13568,15.489609,4.730252,11.04748,4.160082
13569,20.136623,5.2008686,12.286264,4.837164
13570,15.549287,4.7362957,11.063389,4.168777
13571,24.621841,5.655099,13.481916,5.490672
13572,15.440845,4.725313,11.03448,4.152976
13573,24.825058,5.675679,13.536089,5.520282
13574,15.43439,4.72466,11.032761,4.1520357
13575,24.907562,5.684035,13.558083,5.5323014
13576,29.496414,6.148761,14.781361,6.2009096
13577,20.291307,5.2165337,12.327498,4.8597016
13578,15.6319,4.7446623,11.085411,4.180814
13579,20.103106,5.197474,12.2773285,4.83228
13580,15.409978,4.7221875,11.026252,4.148479
13581,20.280453,5.2154346,12.324606,4.8581204
13582,20.303558,5.2177744,12.330765,4.8614864
13583,20.290493,5.216451,12.327282,4.8595834
13584,29.43586,6.142628,14.765219,6.1920867
13585,20.179937,5.2052546,12.29781,4.843475
13586,29.553152,6.154506,14.796486,6.209177
13587,24.824673,5.67564,13.535986,5.520225
13588,29.433922,6.1424317,14.764702,6.191804
13589,24.667065,5.6596785,13.493971,5.4972615
13590,15.560504,4.7374315,11.06638,4.170411
13591,15.378316,4.718981,11.017811,4.1438656
13592,15.443894,4.725622,11.035294,4.153421
13593,15.649436,4.746438,11.090086,4.1833687
13594,24.660124,5.658976,13.492121,5.4962487
13595,15.464486,4.727708,11.040782,4.156421
13596,15.51673,4.732999,11.05471,4.1640334
13597,20.075397,5.194668,12.269942,4.828243
13598,24.6703,5.660006,13.494833,5.4977317
13599,19.979034,5.184909,12.244254,4.814203
13600,29.283691,6.127218,14.724655,6.1699157
13601,29.522816,6.1514344,14.788399,6.2047563
13602,29.463524,6.1454296,14.772593,6.196118
13603,24.917686,5.6850595,13.5607815,5.533777
13604,20.222355,5.2095504,12.309116,4.849655
13605,29.360394,6.1349854,14.745102,6.1810904
13606,20.014927,5.188544,12.253822,4.8194327
13607,24.829145,5.676093,13.537178,5.5208764
13608,29.5366,6.15283,14.792073,6.206765
13609,29.37768,6.1367354,14.749709,6.1836095
13610,15.674136,4.7489395,11.09667,4.186968
13611,20.082813,5.1954184,12.271919,4.8293233
13612,20.137878,5.200995,12.286598,4.8373466
13613,20.168888,5.204136,12.294865,4.841865
13614,20.12632,5.199825,12.283518,4.835663
13615,15.680083,4.7495418,11.098256,4.1878343
13616,15.401076,4.721286,11.023879,4.147182
13617,24.656666,5.658625,13.4911995,5.495746
13618,24.820683,5.675236,13.534923,5.5196433
13619,29.344933,6.1334195,14.74098,6.1788387
13620,29.520279,6.1511765,14.787722,6.2043867
13621,15.572796,4.7386765,11.069655,4.172202
13622,24.66022,5.658985,13.4921465,5.4962635
13623,29.45785,6.144855,14.771081,6.19529
13624,24.76661,5.6697593,13.520508,5.511764
13625,24.723993,5.665444,13.509146,5.5055556
13626,24.709919,5.6640196,13.505396,5.503505
13627,24.739964,5.6670613,13.513403,5.5078826
13628,24.683651,5.6613584,13.498392,5.4996777
13629,24.7952,5.6726556,13.52813,5.5159307
13630,29.330996,6.1320086,14.737266,6.176808
13631,29.49266,6.1483808,14.780359,6.2003627
13632,15.5607,4.7374516,11.066431,4.1704397
13633,29.323982,6.1312976,14.735394,6.175786
13634,20.251547,5.2125063,12.316899,4.8539085
13635,15.45506,4.7267528,11.038269,4.1550474
13636,29.390553,6.1380396,14.753141,6.185486
13637,24.808846,5.674037,13.531765,5.517918
13638,15.514747,4.7327976,11.054181,4.163744
13639,20.065147,5.1936293,12.267209,4.82675
13640,29.262686,6.1250896,14.719053,6.166855
13641,29.446985,6.1437545,14.768185,6.193708
13642,29.420948,6.141117,14.761242,6.1899133
13643,20.135132,5.200717,12.285866,4.836947
13644,29.326523,6.131555,14.736073,6.176156
13645,20.107277,5.197896,12.27844,4.832888
13646,29.568623,6.1560736,14.800611,6.211431
13647,24.784758,5.671598,13.525347,5.514409
13648,20.284573,5.215852,12.325703,4.8587203
13649,15.599075,4.741338,11.076661,4.1760306
13650,19.976458,5.184648,12.2435665,4.813827
13651,20.242664,5.2116075,12.314531,4.852614
13652,15.558869,4.737266,11.065944,4.170173
13653,20.259548,5.213317,12.319033,4.8550744
13654,20.042187,5.191304,12.261089,4.823404
13655,29.377829,6.1367507,14.749748,6.1836314
13656,15.544794,4.7358403,11.062191,4.168122
13657,20.318491,5.2192864,12.334745,4.8636622
13658,29.323519,6.131251,14.735271,6.175718
13659,20.168695,5.2041163,12.294813,4.841837
13660,15.513715,4.732693,11.053906,4.163594
13661,24.678368,5.6608233,13.4969845,5.4989076
13662,15.629558,4.744425,11.084786,4.1804724
13663,15.604291,4.741866,11.0780525,4.176791
13664,20.296497,5.2170587,12.328881,4.860458
13665,24.773872,5.6704955,13.522444,5.5128226
13666,29.4481,6.143867,14.76848,6.19387
13667,29.492424,6.1483564,14.780296,6.200328
13668,24.770817,5.670186,13.521629,5.5123773
13669,15.447427,4.7259803,11.036235,4.1539354
13670,15.501281,4.7314343,11.050592,4.161782
13671,20.058586,5.1929646,12.265461,4.825793
13672,29.42727,6.141758,14.762929,6.190836
13673,29.487885,6.147897,14.779087,6.199667
13674,15.579459,4.7393513,11.071432,4.1731734
13675,20.195433,5.2068243,12.301941,4.845733
13676,19.991604,5.186181,12.247604,4.816034
13677,20.294273,5.2168336,12.328289,4.8601336
13678,24.945694,5.6878963,13.568248,5.5378575
13679,15.5254135,4.733878,11.057024,4.1652985
13680,20.048895,5.191983,12.2628765,4.8243814
13681,15.534078,4.7347555,11.059334,4.1665606
13682,24.849918,5.678197,13.542717,5.5239034
13683,24.649754,5.6579256,13.489357,5.4947386
13684,29.52723,6.151881,14.789576,6.205399
13685,29.360186,6.1349645,14.745045,6.1810603
13686,15.571458,4.7385406,11.069299,4.1720066
13687,29.276375,6.1264763,14.722703,6.1688495
13688,24.764984,5.6695957,13.520074,5.5115275
13689,29.600338,6.159285,14.809065,6.216052
13690,24.841251,5.677319,13.540405,5.52264
13691,20.112095,5.198384,12.279725,4.83359
13692,24.65813,5.658774,13.49159,5.495959
13693,24.81353,5.6745114,13.533015,5.518601
13694,20.181583,5.205421,12.298248,4.843714
13695,24.955301,5.6888685,13.570808,5.5392575
13696,20.164322,5.2036734,12.293648,4.8411994
13697,20.180943,5.2053566,12.298079,4.8436217
13698,20.220177,5.20933,12.308537,4.849338
13699,20.158585,5.2030926,12.292118,4.840364
13700,20.211567,5.208458,12.306241,4.848083
13701,24.643759,5.657318,13.487759,5.493865
13702,20.16998,5.204246,12.295155,4.8420234
13703,15.360059,4.7171316,11.012944,4.1412053
13704,15.553588,4.736731,11.064535,4.1694036
13705,15.599572,4.7413883,11.076794,4.176103
13706,24.956497,5.6889906,13.571128,5.539432
13707,24.898415,5.6831083,13.555643,5.530969
13708,29.57004,6.1562166,14.800989,6.211637
13709,24.799702,5.673111,13.529329,5.5165863
13710,24.757114,5.6687984,13.517977,5.510381
13711,29.42456,6.141484,14.762206,6.1904407
13712,24.832207,5.676403,13.537994,5.5213227
13713,20.209892,5.208288,12.305794,4.8478394
13714,15.639482,4.7454305,11.087433,4.181918
13715,15.632288,4.7447014,11.085514,4.18087
13716,15.373567,4.7185006,11.016545,4.1431737
13717,15.493409,4.730637,11.048494,4.1606355
13718,15.501349,4.731441,11.050611,4.161792
13719,20.055323,5.1926346,12.26459,4.825318
13720,20.244173,5.2117596,12.314934,4.852834
13721,15.514884,4.7328115,11.054218,4.163764
13722,29.435318,6.1425734,14.765074,6.1920075
13723,20.1922,5.2064967,12.30108,4.8452616
13724,29.560637,6.155265,14.798482,6.210267
13725,20.01041,5.188086,12.252617,4.8187737
13726,24.640194,5.656957,13.486808,5.493345
13727,20.094145,5.196566,12.2749405,4.8309746
13728,29.350548,6.133989,14.742476,6.1796565
13729,24.83827,5.6770177,13.539611,5.522206
13730,15.518511,4.7331786,11.055184,4.1642923
13731,20.164192,5.2036605,12.293613,4.841181
13732,15.399941,4.721171,11.023576,4.1470165
13733,15.594405,4.7408648,11.075416,4.17535
13734,15.44431,4.725664,11.035404,4.1534815
13735,24.808453,5.673998,13.531662,5.517862
13736,20.160969,5.2033334,12.292753,4.840711
13737,29.474669,6.1465592,14.775564,6.1977415
13738,19.931198,5.1800637,12.231502,4.807233
13739,20.280188,5.2154074,12.324533,4.8580813
13740,24.843369,5.677533,13.54097,5.5229487
13741,15.648631,4.7463565,11.089871,4.183252
13742,24.795439,5.6726794,13.5281925,5.515965
13743,20.21599,5.2089057,12.307421,4.8487277
13744,15.472587,4.728528,11.042942,4.1576014
13745,29.515816,6.1507263,14.786533,6.203737
13746,20.227173,5.2100387,12.310402,4.850357
13747,15.645188,4.746008,11.088954,4.1827497
13748,20.252893,5.212643,12.317258,4.854105
13749,24.928818,5.6861877,13.563749,5.5353985
13750,29.419271,6.1409483,14.760797,6.18967
13751,24.729053,5.6659565,13.510496,5.506293
13752,29.430975,6.1421337,14.763916,6.1913753
13753,15.62987,4.7444572,11.08487,4.180518
13754,29.488598,6.147969,14.779278,6.199771
13755,24.931381,5.6864467,13.564432,5.5357723
13756,15.559305,4.73731,11.066059,4.170236
13757,20.13194,5.200394,12.285015,4.8364816
13758,15.461739,4.7274294,11.0400505,4.1560206
13759,29.45877,6.1449485,14.771327,6.195425
13760,29.453918,6.144457,14.770032,6.194717
13761,29.487423,6.1478496,14.778962,6.1995993
13762,29.301155,6.1289864,14.729311,6.1724606
13763,24.660892,5.659053,13.492325,5.4963613
13764,15.420888,4.723293,11.0291605,4.1500688
13765,29.550367,6.1542244,14.795743,6.2087703
13766,15.6671095,4.748228,11.094797,4.1859436
13767,29.432024,6.1422396,14.764195,6.191528
13768,19.984451,5.185457,12.245697,4.814992
13769,20.038548,5.1909356,12.2601185,4.8228736
13770,29.379913,6.1369624,14.750304,6.183935
13771,29.317398,6.1306305,14.73364,6.174826
13772,20.28455,5.21585,12.325699,4.8587174
13773,15.465499,4.72781,11.041052,4.1565685
13774,15.667262,4.7482433,11.094837,4.185966
13775,20.050995,5.1921964,12.263437,4.8246875
13776,15.452219,4.726465,11.037512,4.1546335
13777,20.260855,5.2134495,12.31938,4.855264
13778,29.264467,6.125271,14.719529,6.167114
13779,20.239819,5.211319,12.313772,4.8522
13780,29.361431,6.1350904,14.745377,6.1812425
13781,15.514134,4.7327356,11.054018,4.1636543
13782,24.699734,5.662987,13.502681,5.5020213
13783,29.283598,6.127208,14.724628,6.1699023
13784,29.357403,6.1346827,14.744304,6.180656
13785,29.423939,6.1414204,14.762039,6.19035
13786,20.204258,5.207718,12.304294,4.8470187
13787,29.59961,6.159212,14.808871,6.215946
13788,20.037174,5.190797,12.259752,4.8226743
13789,20.146904,5.201909,12.289003,4.8386617
13790,20.220596,5.209372,12.308649,4.849399
13791,20.270687,5.214445,12.322002,4.8566976
13792,20.292877,5.2166924,12.327917,4.8599305
13793,24.764107,5.669506,13.519841,5.5113997
13794,29.404823,6.1394844,14.756945,6.1875644
13795,29.427155,6.1417465,14.7628975,6.190819
13796,29.460781,6.1451516,14.771862,6.195718
13797,20.016935,5.188747,12.254358,4.819725
13798,29.46663,6.1457453,14.773422,6.19657
13799,24.802881,5.6734333,13.530176,5.5170493
13800,20.20651,5.207946,12.3048935,4.847347
13801,20.179018,5.205161,12.297564,4.843341
13802,24.849098,5.678114,13.542498,5.5237837
13803,15.443294,4.7255616,11.035133,4.1533337
13804,15.499173,4.7312202,11.05003,4.1614747
13805,29.446587,6.1437144,14.76808,6.19365
13806,24.936096,5.686924,13.565689,5.5364594
13807,15.669366,4.7484565,11.095399,4.1862726
13808,29.363873,6.1353374,14.746028,6.181598
13809,20.183636,5.2056293,12.298796,4.8440137
13810,29.31736,6.130627,14.733629,6.1748214
13811,15.43487,4.724708,11.032887,4.152106
13812,15.504393,4.731749,11.05142,4.1622353
13813,15.378858,4.719036,11.017956,4.1439447
13814,20.12039,5.199224,12.281937,4.8347983
13815,29.546144,6.1537976,14.794619,6.208155
13816,20.113838,5.1985607,12.2801895,4.8338437
13817,24.874401,5.680676,13.549242,5.52747
13818,29.309803,6.129862,14.731615,6.1737204
13819,24.709457,5.663972,13.505271,5.503437
13820,15.492677,4.7305627,11.048297,4.1605287
13821,29.276392,6.1264777,14.722708,6.168852
13822,24.834461,5.6766315,13.538596,5.521651
13823,20.287569,5.216155,12.326502,4.859157
13824,15.439229,4.7251496,11.03405,4.152741
13825,29.484531,6.1475573,14.778193,6.1991787
13826,29.384258,6.137402,14.751463,6.184568
13827,24.802246,5.6733694,13.530008,5.516957
13828,24.686337,5.66163,13.499107,5.5000687
13829,29.458435,6.1449146,14.771236,6.195377
13830,15.428275,4.7240405,11.03113,4.151145
13831,29.47825,6.1469207,14.77652,6.198263
13832,29.480368,6.1471357,14.777082,6.1985717
13833,24.66364,5.659332,13.493059,5.4967613
13834,24.773504,5.6704583,13.522346,5.512769
13835,15.445665,4.7258015,11.035766,4.153679
13836,20.171688,5.204419,12.29561,4.842273
13837,20.199389,5.2072244,12.302994,4.846309
13838,29.366812,6.1356354,14.746812,6.1820264
13839,24.91025,5.6843066,13.558799,5.5326934
13840,24.816929,5.674856,13.533922,5.5190964
13841,29.566494,6.1558585,14.800043,6.211121
13842,15.54812,4.7361774,11.063078,4.1686068
13843,29.339111,6.1328297,14.739428,6.1779904
13844,29.575924,6.1568127,14.802557,6.2124944
13845,24.84358,5.6775546,13.541026,5.5229797
13846,24.91428,5.684715,13.559872,5.533281
13847,29.430286,6.142064,14.763733,6.191275
13848,29.44814,6.1438713,14.768492,6.193876
13849,20.254066,5.212762,12.317572,4.8542757
13850,24.91691,5.6849813,13.560575,5.5336633
13851,20.132141,5.200414,12.2850685,4.83651
13852,20.180885,5.2053504,12.298061,4.8436127
13853,15.495574,4.7308564,11.049069,4.1609507
13854,15.521071,4.733438,11.055866,4.1646657
13855,24.830574,5.676238,13.537558,5.5210843
13856,29.584583,6.1576896,14.804865,6.213757
13857,15.3427515,4.715379,11.008331,4.138684
13858,19.967167,5.183707,12.24109,4.812474
13859,24.877941,5.681035,13.550185,5.5279856
13860,15.575744,4.738975,11.070441,4.1726313
13861,20.095753,5.196729,12.275368,4.8312087
13862,20.054535,5.192555,12.264381,4.8252034
13863,24.60733,5.6536293,13.478046,5.4885573
13864,29.290394,6.1278963,14.72644,6.170892
13865,24.916197,5.684909,13.560384,5.5335603
13866,24.715988,5.6646333,13.507013,5.5043893
13867,20.098577,5.1970153,12.276121,4.83162
13868,20.20019,5.207306,12.303208,4.8464255
13869,15.511913,4.7325106,11.053425,4.163331
13870,24.822878,5.6754584,13.535507,5.5199637
13871,15.369113,4.7180486,11.015358,4.1425247
13872,29.493637,6.148479,14.780621,6.200505
13873,29.497066,6.1488266,14.781534,6.2010045
13874,24.937,5.687016,13.565929,5.536591
13875,15.461099,4.7273645,11.03988,4.1559277
13876,24.784554,5.6715775,13.525291,5.514379
13877,29.3143,6.1303177,14.732815,6.174375
13878,29.524645,6.151619,14.788886,6.205023
13879,24.656178,5.658576,13.49107,5.495675
13880,20.071123,5.194235,12.268803,4.8276205
13881,24.886208,5.681872,13.552389,5.5291905
13882,29.375782,6.1365438,14.749203,6.183333
13883,15.35139,4.7162538,11.010633,4.139942
13884,15.656693,4.747173,11.092021,4.1844263
13885,20.312286,5.218658,12.333092,4.8627586
13886,29.511015,6.150239,14.785252,6.2030363
13887,29.407097,6.139715,14.757551,6.187896
13888,20.140762,5.2012873,12.287367,4.837767
13889,20.079727,5.1951065,12.271096,4.828874
13890,29.431105,6.142146,14.76395,6.191394
13891,15.67276,4.7488003,11.096304,4.186767
13892,24.651505,5.658103,13.489824,5.4949937
13893,29.47226,6.1463146,14.774921,6.19739
13894,24.72617,5.665664,13.509727,5.5058722
13895,29.564114,6.1556163,14.799408,6.2107735
13896,29.283514,6.1271996,14.724606,6.169889
13897,19.986382,5.1856527,12.246212,4.815273
13898,15.527991,4.734139,11.057712,4.1656737
13899,24.93851,5.6871686,13.566332,5.5368104
13900,20.057999,5.1929054,12.265305,4.825708
13901,20.015709,5.1886225,12.254031,4.819546
13902,24.715328,5.6645665,13.506836,5.504293
13903,29.554129,6.1546054,14.796746,6.2093186
13904,20.151419,5.2023664,12.290207,4.8393188
13905,29.442844,6.1433353,14.76708,6.1931047
13906,15.415944,4.722792,11.0278425,4.1493483
13907,24.743637,5.667433,13.514383,5.5084176
13908,20.113434,5.198519,12.280083,4.833785
13909,15.678727,4.7494044,11.097894,4.1876364
13910,29.474806,6.146572,14.775601,6.197761
13911,29.3549,6.134429,14.743635,6.1802907
13912,20.143478,5.2015624,12.288092,4.838163
13913,24.789448,5.672073,13.526594,5.515092
13914,29.249262,6.1237307,14.715476,6.1648993
13915,15.646785,4.7461696,11.089379,4.1829824
13916,24.76059,5.66915,13.518902,5.5108876
13917,15.561744,4.7375574,11.066709,4.170592
13918,29.282633,6.12711,14.724373,6.169761
13919,20.25143,5.2124953,12.31687,4.8538914
13920,29.557034,6.1548996,14.79752,6.2097416
13921,24.760742,5.6691656,13.518943,5.5109096
13922,24.931904,5.6864996,13.564571,5.5358486
13923,29.433582,6.1423974,14.764612,6.1917543
13924,15.617339,4.743188,11.081531,4.1786923
13925,24.664476,5.6594167,13.493282,5.4968834
13926,24.787079,5.6718326,13.525965,5.514747
13927,15.61489,4.7429395,11.080876,4.178335
13928,20.254622,5.212818,12.3177185,4.854357
13929,24.790071,5.6721363,13.526763,5.515184
13930,24.806057,5.673755,13.531023,5.517513
13931,20.136873,5.2008934,12.286331,4.8372
13932,24.748995,5.6679764,13.515813,5.509198
13933,24.932392,5.6865497,13.5647,5.5359197
13934,29.49081,6.1481934,14.779868,6.2000937
13935,20.255405,5.212898,12.317928,4.8544707
13936,20.333912,5.2208476,12.338856,4.865909
13937,29.535076,6.1526756,14.791668,6.2065425
13938,29.588955,6.1581326,14.806029,6.214393
13939,24.741203,5.6671867,13.513735,5.508063
13940,29.51049,6.150186,14.785112,6.202961
13941,20.103123,5.1974754,12.277332,4.8322825
13942,15.448741,4.726113,11.036585,4.1541266
13943,29.404911,6.1394935,14.756969,6.1875772
13944,24.783152,5.6714354,13.524918,5.514175
13945,20.167,5.203945,12.294362,4.8415904
13946,20.179699,5.20523,12.297747,4.8434396
13947,15.480318,4.729311,11.045003,4.1587276
13948,20.289972,5.216398,12.327143,4.859507
13949,15.407296,4.721916,11.0255375,4.1480885
13950,15.343416,4.7154465,11.008509,4.1387806
13951,24.709402,5.6639667,13.505258,5.503429
13952,20.04723,5.1918154,12.262434,4.824139
13953,20.057415,5.192847,12.265149,4.825623
13954,15.583989,4.73981,11.072639,4.173833
13955,24.80002,5.6731434,13.529413,5.5166326
13956,24.732582,5.666313,13.511436,5.5068064
13957,15.377948,4.718944,11.017714,4.143812
13958,20.005854,5.187625,12.251404,4.8181105
13959,29.530336,6.152196,14.790405,6.205852
13960,24.708393,5.6638646,13.504988,5.5032825
13961,29.517918,6.1509385,14.787092,6.204043
13962,24.754267,5.6685095,13.517218,5.5099664
13963,15.620623,4.7435203,11.082405,4.1791706
13964,29.2911,6.127968,14.726629,6.1709943
13965,20.098497,5.1970067,12.2761,4.831609
13966,15.332443,4.714335,11.005583,4.137182
13967,29.318192,6.130711,14.7338505,6.1749425
13968,24.940372,5.6873574,13.566828,5.5370817
13969,29.356041,6.1345444,14.74394,6.180457
13970,15.459855,4.7272387,11.039549,4.1557465
13971,20.244118,5.2117543,12.3149185,4.852826
13972,29.460247,6.1450977,14.771719,6.195639
13973,20.096619,5.196817,12.275599,4.831335
13974,20.183779,5.2056437,12.298834,4.8440347
13975,29.466711,6.1457524,14.773443,6.1965814
13976,15.657549,4.7472596,11.092248,4.184551
13977,20.180952,5.2053576,12.29808,4.8436227
13978,29.552908,6.154482,14.796421,6.209141
13979,15.476318,4.728906,11.043937,4.158145
13980,15.617745,4.7432284,11.081638,4.178751
13981,24.861256,5.679345,13.545738,5.525555
13982,29.464691,6.1455474,14.772903,6.1962876
13983,24.857752,5.6789904,13.544805,5.525044
13984,20.16543,5.2037854,12.293942,4.841361
13985,20.259825,5.2133455,12.319106,4.8551145
13986,20.020786,5.189137,12.255384,4.8202863
13987,29.396318,6.1386228,14.754677,6.1863256
13988,15.380796,4.7192326,11.018473,4.144227
13989,29.352093,6.1341443,14.7428875,6.1798816
13990,15.414002,4.7225947,11.027325,4.1490655
13991,20.088697,5.1960144,12.273487,4.8301806
13992,15.453621,4.7266073,11.037886,4.154838
13993,29.396578,6.13865,14.754747,6.1863627
13994,29.374458,6.1364093,14.74885,6.1831403
13995,15.369267,4.718065,11.015399,4.1425476
13996,29.459679,6.1450405,14.771567,6.1955576
13997,15.631215,4.744593,11.085228,4.180714
13998,29.393847,6.138373,14.754019,6.185965
13999,15.33464,4.7145576,11.006168,4.137502
14000,29.408169,6.1398234,14.757835,6.188052
14001,20.18596,5.2058644,12.299416,4.8443522
14002,20.190294,5.2063036,12.300571,4.844984
14003,24.790318,5.672161,13.526827,5.515219
14004,15.557797,4.7371573,11.065657,4.170017
14005,24.946758,5.688004,13.56853,5.5380125
14006,24.90731,5.684009,13.558015,5.532265
14007,29.280462,6.126891,14.723793,6.169445
14008,15.554182,4.7367916,11.064693,4.16949
14009,15.602815,4.741717,11.077658,4.176576
14010,20.307693,5.218193,12.331867,4.8620887
14011,29.5085,6.1499844,14.784582,6.2026706
14012,20.031986,5.1902714,12.25837,4.8219185
14013,29.4396,6.143007,14.766216,6.1926317
14014,24.705997,5.663622,13.504351,5.502933
14015,20.206488,5.207943,12.304888,4.847343
14016,20.05163,5.1922603,12.263606,4.82478
14017,29.534718,6.15264,14.791571,6.20649
14018,29.398563,6.13885,14.755276,6.1866527
14019,29.406857,6.139691,14.757486,6.187861
14020,24.83345,5.6765294,13.538326,5.5215034
14021,20.200695,5.207357,12.303343,4.846499
14022,29.410866,6.1400967,14.758555,6.1884456
14023,15.509011,4.732217,11.052652,4.1629086
14024,15.418653,4.723066,11.028564,4.149743
14025,24.710321,5.664059,13.505503,5.5035634
14026,20.235407,5.210872,12.312597,4.8515573
14027,15.559568,4.737337,11.066129,4.1702747
14028,29.311169,6.1300006,14.731979,6.173919
14029,15.60119,4.741552,11.077225,4.176339
14030,29.258995,6.124716,14.718071,6.166317
14031,24.790443,5.6721735,13.526861,5.515237
14032,15.616544,4.7431073,11.081318,4.1785765
14033,29.5958,6.1588254,14.807855,6.2153907
14034,20.224514,5.2097692,12.309692,4.8499694
14035,29.57237,6.156453,14.801609,6.2119765
14036,15.43772,4.724997,11.033647,4.152521
14037,15.562739,4.737658,11.066975,4.170737
14038,24.75024,5.6681023,13.516144,5.50938
14039,20.18462,5.2057285,12.299057,4.8441567
14040,15.527994,4.7341394,11.057713,4.165674
14041,20.192902,5.206568,12.301266,4.8453636
14042,20.229986,5.2103233,12.3111515,4.8507667
14043,15.6488905,4.746382,11.089941,4.183289
14044,24.622845,5.6552,13.482183,5.490818
14045,29.374699,6.1364336,14.748915,6.183175
14046,20.11485,5.1986637,12.280458,4.8339915
14047,20.085064,5.195647,12.272518,4.8296514
14048,24.619473,5.6548586,13.481285,5.490327
14049,19.948034,5.1817694,12.23599,4.809686
14050,15.499049,4.731208,11.049995,4.161457
14051,24.6735,5.660331,13.4956875,5.4981985
14052,20.026184,5.189684,12.256823,4.821072
14053,15.464784,4.727738,11.040861,4.156464
14054,29.404526,6.139455,14.756865,6.1875215
14055,15.558219,4.7372003,11.06577,4.1700783
14056,24.688559,5.6618557,13.499701,5.5003924
14057,15.41872,4.723073,11.028582,4.1497526
14058,24.609655,5.653865,13.478666,5.4888954
14059,20.29432,5.216839,12.328302,4.860141
14060,20.290388,5.2164407,12.327253,4.859568
14061,15.362333,4.7173624,11.013552,4.141537
14062,15.392154,4.720382,11.0215,4.1458817
14063,29.599783,6.159229,14.808916,6.2159705
14064,15.318439,4.7129173,11.001849,4.1351414
14065,29.395672,6.138558,14.754505,6.1862316
14066,15.620456,4.743503,11.08236,4.1791463
14067,15.660574,4.747566,11.093055,4.1849914
14068,15.660735,4.7475824,11.093098,4.1850147
14069,15.391252,4.720291,11.02126,4.1457505
14070,24.702175,5.6632347,13.50333,5.5023766
14071,29.496838,6.148803,14.781473,6.200971
14072,20.246225,5.2119675,12.31548,4.8531327
14073,29.5821,6.1574373,14.804201,6.2133937
14074,24.888706,5.682125,13.553057,5.5295544
14075,29.38888,6.1378703,14.752694,6.185241
14076,24.798603,5.6730003,13.529036,5.5164266
14077,20.195745,5.206856,12.302023,4.845778
14078,20.199741,5.2072606,12.303089,4.8463607
14079,24.785927,5.6717157,13.525656,5.5145793
14080,24.661777,5.659143,13.492561,5.49649
14081,24.796177,5.6727543,13.528391,5.5160728
14082,29.466995,6.145781,14.7735195,6.1966233
14083,24.689812,5.6619825,13.500034,5.500575
14084,29.321114,6.1310077,14.734629,6.175368
14085,29.390507,6.138035,14.753129,6.185478
14086,24.925983,5.6858997,13.562993,5.534986
14087,29.274279,6.126264,14.722144,6.1685443
14088,20.1837,5.2056355,12.298813,4.8440228
14089,19.998146,5.186844,12.249348,4.816987
14090,24.62004,5.654917,13.481436,5.4904094
14091,15.453387,4.7265835,11.037824,4.1548033
14092,20.297619,5.2171726,12.329181,4.860621
14093,20.270794,5.214456,12.322031,4.856713
14094,15.44913,4.726153,11.036689,4.1541834
14095,24.92638,5.6859403,13.563098,5.5350437
14096,24.77385,5.670493,13.522437,5.5128193
14097,15.601777,4.7416115,11.077381,4.1764245
14098,15.38297,4.7194524,11.019052,4.1445436
14099,24.915703,5.6848593,13.560253,5.5334883
14100,24.71772,5.6648088,13.507475,5.504641
14101,20.03824,5.1909046,12.260036,4.8228292
14102,29.307274,6.1296062,14.730942,6.173352
14103,20.163496,5.2035894,12.2934265,4.841079
14104,15.447085,4.7259455,11.036144,4.153886
14105,29.494318,6.1485486,14.780801,6.2006044
14106,24.883087,5.681556,13.551557,5.5287356
14107,20.187153,5.205985,12.299734,4.844526
14108,24.835434,5.6767297,13.538854,5.521792
14109,15.640701,4.7455535,11.087757,4.182096
14110,24.939163,5.6872354,13.566506,5.5369067
14111,29.420355,6.141058,14.7610855,6.1898274
14112,24.680971,5.661087,13.497679,5.499287
14113,15.645658,4.746055,11.089079,4.182818
14114,29.499771,6.1491003,14.782257,6.2013984
14115,20.246399,5.2119856,12.315527,4.8531585
14116,24.629574,5.6558814,13.483977,5.491798
14117,15.542689,4.735627,11.061629,4.167815
14118,20.05969,5.1930766,12.265755,4.8259544
14119,24.849457,5.67815,13.542593,5.523836
14120,24.835999,5.676787,13.539005,5.5218754
14121,20.118599,5.1990423,12.281458,4.834537
14122,20.066097,5.193726,12.267464,4.8268876
14123,15.405059,4.721689,11.0249405,4.1477623
14124,20.149939,5.2022166,12.289813,4.8391037
14125,20.080204,5.195154,12.271224,4.828943
14126,15.567985,4.738189,11.068373,4.171501
14127,15.414789,4.722675,11.0275345,4.14918
14128,24.811916,5.6743484,13.532585,5.518366
14129,15.382956,4.719451,11.019049,4.1445417
14130,20.315174,5.2189503,12.33386,4.8631797
14131,15.623322,4.7437935,11.083124,4.1795635
14132,20.182932,5.205558,12.298608,4.8439107
14133,20.280424,5.215431,12.324597,4.8581157
14134,24.598673,5.652752,13.475739,5.4872956
14135,15.435189,4.7247405,11.032973,4.152152
14136,20.120895,5.1992755,12.28207,4.834872
14137,15.542828,4.7356415,11.0616665,4.1678357
14138,29.526878,6.151846,14.789482,6.2053485
14139,20.231838,5.2105107,12.3116455,4.8510365
14140,20.116068,5.1987863,12.280784,4.834169
14141,29.55824,6.1550217,14.797842,6.209918
14142,20.028357,5.1899033,12.257402,4.8213887
14143,15.550195,4.7363877,11.063631,4.168909
14144,20.140419,5.2012525,12.287275,4.837717
14145,15.470813,4.7283483,11.04247,4.1573424
14146,15.539052,4.735259,11.060659,4.1672854
14147,20.1622,5.2034583,12.293081,4.8408904
14148,29.330097,6.131917,14.737023,6.1766763
14149,15.536158,4.734966,11.059889,4.166864
14150,15.598519,4.7412815,11.076513,4.17595
14151,29.30296,6.129169,14.72979,6.172723
14152,15.481918,4.729473,11.045429,4.158961
14153,29.503475,6.149476,14.783243,6.201939
14154,29.29755,6.1286206,14.728348,6.171934
14155,15.506061,4.731918,11.051866,4.1624784
14156,15.497798,4.731081,11.049663,4.161275
14157,29.476147,6.146708,14.775958,6.197957
14158,15.38264,4.7194185,11.018964,4.1444955
14159,15.51728,4.733054,11.054856,4.164113
14160,24.794546,5.6725893,13.527954,5.5158353
14161,15.634374,4.7449126,11.086071,4.1811743
14162,24.663733,5.6593413,13.493082,5.4967756
14163,24.727917,5.6658416,13.510193,5.506127
14164,29.584286,6.1576595,14.804785,6.213712
14165,20.252987,5.2126527,12.317284,4.8541183
14166,20.268787,5.2142525,12.321495,4.8564205
14167,20.077457,5.194876,12.270491,4.828543
14168,15.504761,4.7317863,11.051518,4.162289
14169,20.049038,5.191998,12.262915,4.8244023
14170,24.728197,5.665869,13.510267,5.506168
14171,15.475045,4.728777,11.043597,4.1579595
14172,20.215801,5.2088866,12.307369,4.8487
14173,20.045763,5.191666,12.262041,4.8239255
14174,20.078678,5.195,12.270818,4.8287215
14175,15.589026,4.74032,11.073982,4.174567
14176,15.549163,4.736283,11.0633545,4.1687584
14177,20.096535,5.196809,12.275578,4.8313227
14178,15.448438,4.7260823,11.036505,4.154083
14179,24.847164,5.677918,13.541982,5.523502
14180,24.673492,5.66033,13.495685,5.4981976
14181,24.850418,5.678248,13.542849,5.5239763
14182,29.511003,6.150238,14.78525,6.2030354
14183,24.743038,5.6673727,13.514223,5.50833
14184,24.744167,5.667487,13.514526,5.508495
14185,29.405697,6.139573,14.757176,6.1876917
14186,15.605581,4.7419963,11.078394,4.1769786
14187,20.154705,5.2026997,12.291084,4.8397985
14188,20.10835,5.1980047,12.278727,4.8330445
14189,15.484691,4.7297535,11.046169,4.1593647
14190,29.440752,6.1431236,14.766523,6.1928
14191,15.516295,4.7329545,11.054594,4.16397
14192,29.426716,6.141702,14.762781,6.190755
14193,15.537056,4.7350574,11.060127,4.1669946
14194,15.581001,4.739507,11.071842,4.173397
14195,29.30225,6.129097,14.729601,6.1726193
14196,24.890074,5.6822634,13.553421,5.5297537
14197,29.317287,6.13062,14.73361,6.1748104
14198,24.817432,5.6749067,13.534056,5.5191693
14199,20.064877,5.193602,12.267138,4.8267097
14200,29.530355,6.152198,14.790408,6.205855
14201,24.62901,5.6558247,13.483826,5.491716
14202,24.839714,5.677163,13.539995,5.5224166
14203,19.988785,5.185896,12.246853,4.815623
14204,24.876507,5.6808887,13.549803,5.5277762
14205,15.283609,4.7093897,10.992565,4.130067
14206,15.448155,4.7260537,11.036429,4.1540413
14207,20.211237,5.208424,12.306153,4.8480353
14208,15.526833,4.7340217,11.057403,4.1655045
14209,20.235846,5.2109165,12.312714,4.85162
14210,20.241001,5.2114387,12.314089,4.852372
14211,20.056158,5.192719,12.264813,4.82544
14212,15.324078,4.713488,11.003353,4.1359634
14213,29.516132,6.1507573,14.786616,6.203783
14214,20.071157,5.194238,12.268812,4.8276258
14215,15.430472,4.724263,11.031715,4.1514654
14216,20.325397,5.219986,12.336586,4.8646684
14217,24.841705,5.677365,13.540526,5.5227065
14218,20.214859,5.2087913,12.307119,4.8485627
14219,15.516357,4.732961,11.05461,4.163979
14220,24.603458,5.6532373,13.477016,5.4879937
14221,15.406057,4.7217903,11.025207,4.147908
14222,29.503542,6.149482,14.783262,6.2019486
14223,20.18895,5.2061677,12.300213,4.844788
14224,29.37048,6.1360064,14.747789,6.182561
14225,24.796083,5.672745,13.528365,5.5160594
14226,20.12147,5.199333,12.282224,4.834956
14227,24.863865,5.6796093,13.546433,5.525935
14228,29.461784,6.145253,14.77213,6.195864
14229,15.452676,4.726512,11.037635,4.1547003
14230,24.68204,5.6611953,13.497963,5.4994426
14231,20.1212,5.1993065,12.282152,4.8349166
14232,29.441929,6.143243,14.766836,6.1929708
14233,24.836723,5.676861,13.539199,5.521981
14234,15.670051,4.7485256,11.095581,4.1863723
14235,20.112473,5.1984224,12.279825,4.8336444
14236,29.530043,6.1521654,14.790324,6.205809
14237,24.613907,5.6542954,13.479801,5.489516
14238,15.4177475,4.7229743,11.028323,4.149611
14239,15.392101,4.720377,11.021486,4.1458745
14240,29.538662,6.153039,14.7926235,6.2070646
14241,29.423437,6.1413693,14.761907,6.1902776
14242,24.897266,5.6829915,13.555337,5.530802
14243,20.02112,5.189171,12.255474,4.820335
14244,15.471637,4.728432,11.042688,4.157463
14245,15.383922,4.7195487,11.019307,4.144683
14246,29.301895,6.1290617,14.7295065,6.172568
14247,29.461842,6.1452594,14.772144,6.1958723
14248,29.567308,6.1559405,14.800261,6.2112393
14249,15.523614,4.733696,11.056545,4.165036
14250,20.086157,5.195757,12.27281,4.8298106
14251,15.4731865,4.7285886,11.043102,4.157689
14252,20.190414,5.206316,12.300603,4.8450017
14253,29.302979,6.129171,14.729795,6.172726
14254,20.277008,5.2150855,12.323687,4.857618
14255,29.601303,6.1593833,14.809321,6.2161927
14256,15.610469,4.7424917,11.079699,4.1776915
14257,15.6167555,4.743129,11.081374,4.178607
14258,24.878242,5.6810656,13.550266,5.52803
14259,24.686031,5.661599,13.499026,5.5000234
14260,24.91736,5.685027,13.560695,5.5337296
14261,20.315245,5.2189574,12.333879,4.863189
14262,24.684399,5.6614347,13.498592,5.499787
14263,20.056335,5.192737,12.26486,4.8254657
14264,20.171377,5.204388,12.295528,4.842228
14265,20.104534,5.1976185,12.27771,4.8324885
14266,15.445534,4.725788,11.03573,4.1536593
14267,24.917782,5.6850696,13.560806,5.533791
14268,24.733606,5.6664176,13.511709,5.506956
14269,20.186546,5.205924,12.299571,4.8444376
14270,15.377242,4.718872,11.017526,4.143709
14271,20.018438,5.188899,12.254757,4.8199434
14272,20.179333,5.2051935,12.297648,4.8433867
14273,15.576794,4.7390814,11.070721,4.1727843
14274,20.257557,5.2131147,12.3185005,4.8547835
14275,29.409565,6.1399646,14.758208,6.188256
14276,29.27039,6.125871,14.721108,6.167978
14277,29.53659,6.152829,14.79207,6.2067637
14278,15.4307,4.724286,11.031776,4.1514983
14279,29.28302,6.1271496,14.724475,6.1698174
14280,20.023636,5.1894255,12.256144,4.820701
14281,20.054644,5.192566,12.26441,4.8252196
14282,20.093245,5.196475,12.274699,4.8308434
14283,20.276817,5.215066,12.323635,4.85759
14284,15.461056,4.72736,11.039868,4.1559215
14285,15.50571,4.7318826,11.051771,4.1624274
14286,29.523596,6.1515136,14.788607,6.2048697
14287,20.277763,5.2151613,12.323888,4.857728
14288,15.588932,4.7403107,11.0739565,4.174553
14289,29.374134,6.1363773,14.748764,6.1830935
14290,20.225744,5.2098937,12.310022,4.850149
14291,24.625057,5.655425,13.482774,5.491141
14292,29.504353,6.1495647,14.783477,6.2020664
14293,20.185387,5.2058067,12.299263,4.844269
14294,15.596426,4.7410703,11.075954,4.1756454
14295,15.399775,4.721154,11.023532,4.146992
14296,20.261173,5.213482,12.319467,4.855311
14297,24.914345,5.6847215,13.55989,5.53329
14298,29.38076,6.1370473,14.750529,6.1840587
14299,20.195473,5.2068276,12.30195,4.845738
14300,15.417256,4.722924,11.028192,4.1495395
14301,24.670517,5.6600285,13.494891,5.497764
14302,29.309427,6.129824,14.731515,6.1736655
14303,24.84031,5.6772237,13.5401535,5.5225034
14304,29.310337,6.129916,14.731758,6.173797
14305,20.192715,5.2065487,12.301216,4.8453364
14306,15.541144,4.735471,11.061218,4.16759
14307,20.155838,5.202814,12.291386,4.8399634
14308,24.875954,5.680834,13.549656,5.5276966
14309,24.59982,5.6528683,13.476046,5.487463
14310,15.511306,4.7324495,11.053264,4.163243
14311,24.689266,5.661927,13.499889,5.5004954
14312,15.636207,4.7450986,11.086559,4.181441
14313,29.355743,6.134514,14.74386,6.1804137
14314,20.187346,5.2060046,12.299784,4.8445544
14315,24.755432,5.6686277,13.517527,5.510136
14316,24.83326,5.67651,13.538276,5.521476
14317,24.65805,5.658766,13.491569,5.4959474
14318,20.184393,5.205706,12.298998,4.844124
14319,15.351361,4.7162514,11.010626,4.1399384
14320,15.511841,4.7325034,11.053407,4.163321
14321,15.57565,4.7389655,11.070416,4.172618
14322,20.022326,5.189293,12.255795,4.8205104
14323,15.553449,4.736717,11.064499,4.169383
14324,20.122078,5.1993947,12.282385,4.8350444
14325,15.625517,4.7440157,11.08371,4.1798835
14326,20.256258,5.212984,12.318155,4.8545947
14327,29.412415,6.140254,14.758968,6.18867
14328,24.652473,5.6582017,13.490083,5.4951353
14329,15.64484,4.7459726,11.088861,4.1826987
14330,20.205536,5.2078476,12.304634,4.8472047
14331,15.563613,4.7377462,11.067207,4.1708636
14332,15.677001,4.7492294,11.097434,4.187385
14333,20.32082,5.219522,12.335365,4.8640013
14334,20.152584,5.2024846,12.29052,4.8394895
14335,20.212713,5.208574,12.306547,4.8482504
14336,29.423927,6.1414194,14.762037,6.190348
14337,20.164055,5.203646,12.293575,4.8411603
14338,15.381997,4.7193537,11.018793,4.1444025
14339,20.121096,5.199296,12.2821245,4.8349013
14340,20.06552,5.193667,12.267309,4.8268037
14341,24.913181,5.684603,13.55958,5.5331206
14342,29.453419,6.1444063,14.769898,6.194645
14343,24.76609,5.6697073,13.520369,5.5116887
14344,20.069315,5.1940517,12.26832,4.827357
14345,20.179264,5.2051864,12.29763,4.8433766
14346,29.366714,6.1356254,14.746786,6.182012
14347,15.5239935,4.733734,11.056645,4.1650915
14348,20.24335,5.2116766,12.3147135,4.852714
14349,20.184103,5.2056766,12.298921,4.844082
14350,24.906206,5.6838975,13.55772,5.5321045
14351,20.022007,5.189261,12.25571,4.8204637
14352,24.732876,5.6663437,13.511515,5.50685
14353,24.770796,5.6701837,13.521623,5.5123744
14354,29.397152,6.1387076,14.7549,6.186447
14355,20.06077,5.1931863,12.266043,4.826112
14356,29.48246,6.1473475,14.777641,6.1988754
14357,24.747234,5.6677976,13.515341,5.508942
14358,15.33508,4.7146025,11.006286,4.137566
14359,29.48656,6.147763,14.778734,6.1994743
14360,29.386223,6.137601,14.751986,6.184855
14361,20.30482,5.2179017,12.3311,4.8616705
14362,20.259861,5.213349,12.319116,4.8551197
14363,29.567562,6.155966,14.800327,6.211276
14364,24.780357,5.671152,13.524172,5.5137677
14365,29.567493,6.1559587,14.800308,6.211266
14366,24.760746,5.6691656,13.518944,5.51091
14367,15.319245,4.712999,11.002066,4.135259
14368,15.319486,4.713023,11.002129,4.135294
14369,15.671068,4.748629,11.095852,4.1865206
14370,20.12973,5.2001696,12.284425,4.836159
14371,15.470046,4.728271,11.042264,4.1572313
14372,24.779747,5.67109,13.52401,5.513679
14373,15.584453,4.7398567,11.0727625,4.1739006
14374,20.205654,5.207859,12.304666,4.847222
14375,20.082842,5.1954217,12.271927,4.8293276
14376,29.43021,6.1420565,14.763713,6.1912637
14377,20.063383,5.1934505,12.266739,4.8264923
14378,20.17086,5.2043357,12.295389,4.842152
14379,20.152102,5.2024355,12.290389,4.839419
14380,20.245626,5.2119074,12.315321,4.853046
14381,20.086685,5.1958103,12.272949,4.829887
14382,15.653008,4.7468,11.091038,4.1838894
14383,29.294983,6.128361,14.727663,6.1715603
14384,24.823044,5.6754746,13.535551,5.519987
14385,15.477757,4.7290516,11.044321,4.1583543
14386,19.996962,5.186724,12.249032,4.8168144
14387,24.600723,5.65296,13.476286,5.4875946
14388,29.54729,6.1539125,14.794924,6.2083225
14389,24.77092,5.6701965,13.521656,5.5123925
14390,29.46225,6.145301,14.772255,6.195932
14391,20.041216,5.1912055,12.26083,4.8232627
14392,29.429087,6.1419425,14.763412,6.1910996
14393,20.053219,5.1924214,12.26403,4.8250113
14394,20.199299,5.2072153,12.302971,4.846296
14395,15.419108,4.723112,11.028687,4.1498094
14396,29.400043,6.1390004,14.755671,6.186868
14397,15.660996,4.747609,11.093168,4.185053
14398,24.612072,5.6541095,13.479311,5.4892483
14399,15.647877,4.74628,11.08967,4.1831417
14400,15.5720625,4.7386017,11.06946,4.1720953
14401,15.45703,4.7269526,11.038795,4.155335
14402,29.516125,6.1507573,14.786616,6.203782
14403,20.30522,5.217942,12.331207,4.8617287
14404,29.494513,6.148568,14.780853,6.200632
14405,15.645488,4.746038,11.089033,4.1827936
14406,20.248146,5.212162,12.315992,4.853413
14407,24.70866,5.663891,13.50506,5.503321
14408,24.825783,5.675753,13.536282,5.520386
14409,15.458966,4.7271485,11.039311,4.1556168
14410,20.229052,5.2102284,12.310902,4.850631
14411,29.530672,6.15223,14.790492,6.2059007
14412,24.79051,5.672181,13.526878,5.5152473
14413,15.530159,4.734359,11.058289,4.16599
14414,15.647631,4.7462554,11.089605,4.1831055
14415,24.741478,5.6672144,13.513808,5.508103
14416,15.418091,4.7230096,11.028416,4.149661
14417,15.430696,4.7242856,11.0317745,4.151498
14418,24.830948,5.6762757,13.53766,5.5211396
14419,29.339352,6.132854,14.7394905,6.178025
14420,29.351097,6.134044,14.742623,6.1797366
14421,20.134995,5.200703,12.285829,4.836926
14422,15.647365,4.7462277,11.089534,4.183067
14423,24.710924,5.6641207,13.505663,5.503651
14424,24.645477,5.6574917,13.488216,5.494116
14425,29.54927,6.1541133,14.79545,6.2086105
14426,29.511475,6.1502857,14.785375,6.2031045
14427,15.415147,4.722711,11.02763,4.149232
14428,24.846539,5.6778545,13.541815,5.523411
14429,20.220001,5.2093115,12.308489,4.8493123
14430,29.51386,6.150527,14.786011,6.2034516
14431,29.560156,6.1552157,14.798352,6.2101974
14432,29.343014,6.133225,14.740469,6.178559
14433,20.169455,5.204193,12.295015,4.8419476
14434,20.259706,5.213333,12.319075,4.8550973
14435,15.367686,4.7179046,11.014978,4.1423173
14436,24.895805,5.6828437,13.554948,5.5305896
14437,15.4508505,4.726327,11.0371475,4.154434
14438,19.976164,5.1846185,12.24349,4.8137846
14439,29.601135,6.1593657,14.809275,6.216167
14440,20.120926,5.199279,12.282079,4.8348765
14441,20.151493,5.202374,12.290228,4.83933
14442,29.345827,6.1335096,14.741218,6.1789694
14443,24.865435,5.6797686,13.546853,5.5261645
14444,24.758148,5.668903,13.518251,5.510532
14445,29.534225,6.1525903,14.791441,6.2064195
14446,29.558239,6.1550217,14.797843,6.2099175
14447,29.37065,6.1360235,14.747834,6.1825852
14448,24.849573,5.6781616,13.5426235,5.523853
14449,24.824284,5.675601,13.535883,5.520168
14450,24.787632,5.671889,13.526112,5.5148277
14451,20.296719,5.2170815,12.328941,4.8604903
14452,24.715015,5.6645346,13.506754,5.504247
14453,20.189,5.206173,12.300226,4.8447957
14454,29.426294,6.1416593,14.762669,6.190693
14455,29.321308,6.131027,14.734682,6.175397
14456,29.528755,6.152036,14.789982,6.205622
14457,24.911198,5.6844025,13.5590515,5.5328317
14458,20.294872,5.2168946,12.328449,4.8602214
14459,20.142067,5.2014194,12.287715,4.837957
14460,15.630071,4.744477,11.084923,4.180547
14461,29.579723,6.1571965,14.803568,6.2130475
14462,29.46452,6.14553,14.77286,6.196263
14463,20.05695,5.1927996,12.265024,4.8255553
14464,15.331256,4.714215,11.005266,4.1370087
14465,20.32233,5.219675,12.335769,4.8642216
14466,20.217793,5.2090883,12.307901,4.8489904
14467,15.537562,4.7351084,11.060263,4.1670685
14468,20.271532,5.214531,12.3222275,4.8568206
14469,20.141022,5.201313,12.287436,4.837805
14470,15.653337,4.746833,11.0911255,4.183937
14471,29.392944,6.1382813,14.7537775,6.1858344
14472,20.31809,5.2192454,12.334639,4.863604
14473,15.442306,4.7254615,11.03487,4.153189
14474,24.742952,5.667364,13.514202,5.5083175
14475,24.902575,5.6835294,13.556753,5.531575
14476,20.241547,5.211494,12.314234,4.8524513
14477,15.410684,4.7222586,11.026442,4.1485825
14478,29.492565,6.1483707,14.780334,6.2003493
14479,20.113037,5.198479,12.279976,4.833727
14480,15.662519,4.747763,11.093574,4.1852746
14481,20.080837,5.195218,12.271391,4.8290358
14482,15.432864,4.7245054,11.032353,4.1518135
14483,20.199837,5.20727,12.303115,4.846374
14484,20.06609,5.193725,12.267461,4.8268876
14485,29.305836,6.12946,14.7305565,6.173142
14486,29.459795,6.145052,14.771599,6.1955743
14487,15.439868,4.7252145,11.03422,4.1528344
14488,29.59616,6.158862,14.807951,6.215443
14489,20.075075,5.194635,12.269856,4.828196
14490,20.313383,5.218769,12.333384,4.8629184
14491,15.435792,4.7248015,11.033134,4.15224
14492,24.805763,5.673725,13.530945,5.5174694
14493,15.609515,4.742395,11.079444,4.177552
14494,29.389992,6.1379833,14.752991,6.1854033
14495,20.06868,5.1939874,12.268152,4.8272643
14496,24.80683,5.673834,13.531229,5.517625
14497,29.47374,6.1464643,14.775316,6.197605
14498,15.411959,4.722388,11.026779,4.1487675
14499,24.939232,5.687242,13.5665245,5.5369163
14500,24.891825,5.682441,13.553886,5.5300093
14501,20.257177,5.2130766,12.318399,4.854728
14502,15.521823,4.7335143,11.056067,4.164775
14503,19.998074,5.1868367,12.24933,4.816977
14504,20.098156,5.196973,12.276009,4.8315587
14505,24.669836,5.6599593,13.494709,5.4976645
14506,29.332249,6.1321354,14.737598,6.17699
14507,15.520722,4.7334027,11.055774,4.1646147
14508,29.280485,6.126893,14.723799,6.1694484
14509,15.555388,4.736913,11.065015,4.169666
14510,15.349811,4.716094,11.010213,4.1397123
14511,15.66488,4.748002,11.094203,4.185619
14512,29.528652,6.152025,14.789955,6.2056074
14513,24.853422,5.678552,13.54365,5.5244136
14514,24.794914,5.672626,13.528052,5.5158887
14515,20.257212,5.2130804,12.318409,4.854734
14516,15.36696,4.717831,11.014784,4.1422114
14517,20.13198,5.200398,12.285027,4.8364873
14518,15.420722,4.7232757,11.029116,4.1500444
14519,20.211979,5.2084994,12.306351,4.848143
14520,15.507907,4.7321053,11.052359,4.1627474
14521,29.509333,6.1500683,14.784804,6.2027917
14522,15.569516,4.7383447,11.068782,4.1717243
14523,15.548421,4.736208,11.063157,4.1686506
14524,20.298262,5.217238,12.329353,4.860715
14525,20.245245,5.2118683,12.315219,4.8529906
14526,24.8542,5.678631,13.543858,5.524527
14527,15.343114,4.715416,11.008428,4.1387367
14528,20.255987,5.2129564,12.318083,4.8545556
14529,29.293676,6.1282296,14.727316,6.1713705
14530,24.739697,5.667034,13.513332,5.5078435
14531,29.330254,6.1319337,14.737066,6.1767
14532,15.495739,4.7308726,11.049114,4.1609745
14533,29.352322,6.134168,14.742949,6.179915
14534,29.36007,6.134952,14.745014,6.181044
14535,15.637795,4.7452593,11.086983,4.1816726
14536,29.560932,6.155295,14.798561,6.2103105
14537,29.385334,6.1375113,14.75175,6.1847253
14538,24.867085,5.6799355,13.547291,5.526404
14539,29.35567,6.1345077,14.743842,6.1804028
14540,24.870167,5.680248,13.548114,5.5268536
14541,24.82538,5.6757116,13.536174,5.520328
14542,24.7835,5.671471,13.525009,5.514226
14543,20.15714,5.2029457,12.291733,4.840153
14544,15.364448,4.7175765,11.014114,4.141845
14545,24.712336,5.6642632,13.506039,5.5038567
14546,20.148766,5.202098,12.2895,4.838933
14547,20.058657,5.1929727,12.26548,4.8258038
14548,20.04182,5.191267,12.260991,4.823351
14549,29.548426,6.154028,14.795225,6.208488
14550,15.598466,4.7412763,11.076498,4.1759424
14551,29.334951,6.1324086,14.738319,6.177384
14552,24.766487,5.669748,13.520475,5.5117474
14553,29.285967,6.1274476,14.72526,6.170247
14554,29.411106,6.140121,14.758619,6.18848
14555,20.296112,5.21702,12.328779,4.860402
14556,20.221537,5.209467,12.308899,4.849536
14557,24.73907,5.666971,13.513166,5.507753
14558,29.442154,6.1432652,14.766895,6.193004
14559,20.229181,5.210242,12.310938,4.85065
14560,24.82528,5.6757016,13.536148,5.520313
14561,19.981627,5.185171,12.244945,4.8145804
14562,15.537602,4.7351127,11.060274,4.167074
14563,24.754292,5.6685123,13.517223,5.50997
14564,15.397506,4.7209244,11.022926,4.1466618
14565,24.900005,5.683269,13.556067,5.531201
14566,29.273655,6.126201,14.721978,6.168453
14567,29.555506,6.154745,14.797112,6.2095194
14568,15.661778,4.7476883,11.093376,4.1851673
14569,19.997025,5.186731,12.249049,4.8168244
14570,29.382034,6.137177,14.75087,6.1842446
14571,29.394531,6.138443,14.754201,6.186065
14572,24.795895,5.672725,13.528314,5.5160317
14573,20.080414,5.1951756,12.271278,4.8289733
14574,20.083735,5.195512,12.272165,4.8294578
14575,24.847908,5.6779933,13.542179,5.52361
14576,29.463722,6.1454496,14.772646,6.1961465
14577,15.543006,4.735659,11.061713,4.1678615
14578,15.629594,4.7444286,11.084797,4.1804776
14579,29.324986,6.1313996,14.735662,6.1759324
14580,15.451779,4.726421,11.0373955,4.1545696
14581,24.72942,5.6659937,13.510593,5.506346
14582,20.102793,5.197442,12.277245,4.832234
14583,29.33979,6.132899,14.739609,6.178089
14584,29.375723,6.136538,14.749187,6.1833253
14585,15.592306,4.7406526,11.074857,4.1750445
14586,29.460335,6.1451063,14.771742,6.1956525
14587,29.283794,6.1272283,14.72468,6.16993
14588,24.94591,5.687918,13.568304,5.5378895
14589,15.494955,4.7307935,11.048905,4.1608605
14590,24.965637,5.689916,13.573565,5.5407634
14591,15.501542,4.7314606,11.05066,4.1618204
14592,19.976254,5.184627,12.243513,4.8137975
14593,15.4083185,4.722019,11.025809,4.148237
14594,29.503475,6.1494756,14.783243,6.201938
14595,29.549767,6.154164,14.795584,6.2086835
14596,24.845047,5.677704,13.541418,5.523194
14597,20.311668,5.2185955,12.332926,4.8626685
14598,24.703047,5.6633224,13.503563,5.502504
14599,15.43514,4.7247357,11.032959,4.1521454
14600,29.557444,6.154941,14.79763,6.2098017
14601,15.404233,4.721606,11.024721,4.147642
14602,29.35834,6.134777,14.744554,6.1807914
14603,15.524711,4.7338066,11.056837,4.1651955
14604,29.532509,6.152416,14.790981,6.2061687
14605,15.414371,4.7226324,11.027423,4.149119
14606,20.200512,5.2073383,12.303295,4.8464723
14607,15.45338,4.726583,11.037822,4.154803
14608,20.22189,5.209503,12.308993,4.849587
14609,29.43803,6.1428475,14.765797,6.192403
14610,20.005255,5.1875644,12.251244,4.818023
14611,24.701937,5.6632104,13.503267,5.5023417
14612,20.234592,5.2107897,12.31238,4.851438
14613,15.476789,4.728954,11.044062,4.1582136
14614,24.813782,5.674537,13.533082,5.518638
14615,29.279099,6.126752,14.723428,6.1692467
14616,15.348332,4.715945,11.009819,4.1394973
14617,24.709358,5.6639614,13.505244,5.503423
14618,15.666406,4.7481565,11.094609,4.185841
14619,24.830849,5.6762657,13.537632,5.5211244
14620,29.37127,6.136086,14.748,6.182676
14621,20.144972,5.2017136,12.288488,4.8383803
14622,15.596956,4.741123,11.076096,4.175722
14623,29.26672,6.1254983,14.720131,6.167443
14624,29.556368,6.154832,14.797342,6.209645
14625,20.195456,5.206826,12.301947,4.845736
14626,24.85904,5.679121,13.545147,5.5252323
14627,29.359625,6.1349072,14.744895,6.1809783
14628,29.259098,6.124727,14.718098,6.166332
14629,24.922165,5.685513,13.561974,5.534429
14630,20.029331,5.190002,12.257662,4.8215313
14631,20.280329,5.2154217,12.324572,4.8581023
14632,20.128397,5.200035,12.28407,4.835965
14633,15.514101,4.7327323,11.0540085,4.16365
14634,20.159878,5.203223,12.292463,4.8405523
14635,24.754654,5.6685495,13.51732,5.5100226
14636,15.534086,4.7347565,11.059336,4.1665616
14637,15.528881,4.734229,11.057948,4.1658034
14638,15.554484,4.736822,11.064774,4.169534
14639,20.01962,5.189019,12.255074,4.8201165
14640,15.373792,4.718523,11.016606,4.1432066
14641,15.477602,4.729036,11.044279,4.1583323
14642,19.974821,5.1844816,12.243131,4.8135886
14643,24.726524,5.6657,13.509821,5.5059247
14644,29.597504,6.1589975,14.80831,6.2156386
14645,15.626856,4.7441516,11.084066,4.1800785
14646,20.00429,5.1874666,12.250986,4.817882
14647,24.834776,5.676663,13.538679,5.5216966
14648,24.769558,5.6700587,13.521294,5.5121946
14649,20.207895,5.2080865,12.3052635,4.8475485
14650,15.556691,4.7370453,11.065363,4.1698556
14651,20.232225,5.21055,12.3117485,4.8510933
14652,20.268822,5.2142563,12.321505,4.8564253
14653,15.462405,4.7274966,11.040228,4.156118
14654,15.613673,4.742816,11.080552,4.178158
14655,24.81949,5.6751156,13.534604,5.5194697
14656,29.350636,6.133997,14.742499,6.1796694
14657,15.323309,4.7134104,11.003148,4.135851
14658,15.568213,4.7382126,11.068434,4.1715345
14659,15.405436,4.7217274,11.025042,4.147817
14660,29.574413,6.15666,14.802154,6.212274
14661,24.697063,5.662717,13.501968,5.5016317
14662,24.713165,5.664347,13.50626,5.5039773
14663,24.652157,5.658169,13.489996,5.495089
14664,24.821991,5.6753683,13.535271,5.5198336
14665,20.012436,5.188291,12.253158,4.8190694
14666,15.458708,4.7271223,11.039242,4.1555786
14667,20.234516,5.210782,12.312359,4.8514266
14668,24.967447,5.6900992,13.574046,5.5410275
14669,29.336424,6.132558,14.738712,6.177599
14670,15.432485,4.724467,11.032251,4.151758
14671,29.34327,6.1332507,14.740536,6.178595
14672,24.70031,5.663046,13.502833,5.5021043
14673,20.110332,5.1982055,12.279255,4.8333335
14674,24.934696,5.686783,13.565315,5.536256
14675,29.429245,6.141958,14.763454,6.191123
14676,20.049269,5.192022,12.262977,4.8244357
14677,29.584593,6.15769,14.804866,6.213757
14678,15.42446,4.723654,11.030113,4.150589
14679,20.142702,5.2014837,12.287885,4.8380494
14680,24.740585,5.6671243,13.513571,5.507973
14681,15.464463,4.727705,11.040776,4.156418
14682,20.143475,5.201562,12.28809,4.8381624
14683,24.833689,5.6765532,13.538389,5.5215383
14684,24.75983,5.669073,13.518701,5.510777
14685,24.923332,5.6856318,13.562286,5.5346
14686,24.819431,5.6751094,13.534588,5.519461
14687,20.083252,5.195463,12.272036,4.8293877
14688,20.137354,5.200942,12.286457,4.8372703
14689,20.173004,5.2045527,12.295961,4.8424644
14690,20.044989,5.191588,12.261836,4.823812
14691,24.77658,5.6707697,13.523167,5.5132174
14692,24.682621,5.661254,13.498117,5.4995275
14693,24.829407,5.6761193,13.537249,5.520914
14694,15.393041,4.720472,11.021736,4.1460114
14695,29.430563,6.1420918,14.763806,6.191315
14696,20.211746,5.208476,12.30629,4.8481097
14697,20.156958,5.2029276,12.291685,4.8401265
14698,24.75904,5.668994,13.51849,5.5106626
14699,15.4502535,4.7262664,11.036988,4.1543474
14700,29.528381,6.1519976,14.789883,6.205567
14701,29.287415,6.1275945,14.725646,6.1704574
14702,29.37694,6.136661,14.749512,6.1835017
14703,15.584247,4.739836,11.072708,4.1738706
14704,20.29783,5.2171936,12.329237,4.8606524
14705,20.247547,5.212102,12.315833,4.8533254
14706,29.553118,6.154503,14.796476,6.2091713
14707,24.673254,5.660306,13.495621,5.4981627
14708,15.375615,4.7187076,11.017092,4.143472
14709,20.079056,5.195038,12.270917,4.828776
14710,29.350021,6.1339355,14.742336,6.17958
14711,24.819942,5.6751614,13.534725,5.5195355
14712,20.181332,5.205396,12.298182,4.8436785
14713,20.113537,5.19853,12.280108,4.8338
14714,15.561078,4.7374897,11.066532,4.170495
14715,29.470251,6.146111,14.774385,6.197098
14716,29.502888,6.1494164,14.783086,6.2018523
14717,20.046814,5.191773,12.262321,4.824078
14718,15.649961,4.746491,11.090225,4.1834455
14719,20.191969,5.206473,12.301018,4.8452277
14720,20.074562,5.194583,12.26972,4.828121
14721,20.171713,5.2044215,12.295616,4.842276
14722,24.81451,5.674611,13.533277,5.518744
14723,29.60086,6.159338,14.809204,6.216128
14724,29.353771,6.134315,14.743335,6.1801257
14725,24.721806,5.6652226,13.508564,5.5052366
14726,24.745075,5.667578,13.514766,5.5086274
14727,29.314915,6.130379,14.732977,6.1744647
14728,20.174677,5.204722,12.296407,4.842708
14729,20.154396,5.202668,12.291001,4.839753
14730,29.539116,6.1530857,14.792746,6.207132
14731,29.408432,6.1398497,14.757907,6.1880903
14732,20.075693,5.1946974,12.270021,4.828286
14733,24.703009,5.663319,13.5035515,5.502497
14734,20.187923,5.2060633,12.299938,4.8446383
14735,29.331734,6.132083,14.73746,6.176915
14736,24.615187,5.654425,13.480142,5.489702
14737,29.38542,6.13752,14.751772,6.184737
14738,15.323838,4.7134643,11.003289,4.135928
14739,20.106329,5.1978006,12.278189,4.83275
14740,20.247965,5.212144,12.315945,4.8533864
14741,24.912148,5.684499,13.559303,5.53297
14742,15.5455885,4.7359214,11.062403,4.168238
14743,15.512226,4.7325425,11.053509,4.163377
14744,20.25827,5.213188,12.318691,4.8548884
14745,20.17751,5.205009,12.297161,4.8431206
14746,15.328311,4.713917,11.004481,4.13658
14747,15.429157,4.72413,11.031364,4.1512737
14748,24.912664,5.6845512,13.559442,5.5330453
14749,20.127148,5.199908,12.283736,4.8357825
14750,15.518292,4.7331567,11.055126,4.1642604
14751,15.518114,4.733139,11.0550785,4.1642346
14752,24.685926,5.661589,13.498999,5.5000086
14753,20.20087,5.2073746,12.30339,4.8465247
14754,24.64899,5.6578484,13.489154,5.4946275
14755,29.52378,6.151532,14.788654,6.2048974
14756,24.76989,5.6700926,13.521381,5.512243
14757,24.949703,5.6883025,13.569316,5.5384417
14758,15.306127,4.71167,10.998568,4.1333475
14759,15.351653,4.716281,11.010704,4.139981
14760,15.393948,4.720564,11.021978,4.1461434
14761,24.642159,5.657157,13.487331,5.493632
14762,24.68946,5.661947,13.499942,5.5005245
14763,29.412033,6.140215,14.758865,6.188615
14764,29.336615,6.132577,14.738762,6.1776266
14765,29.488134,6.147922,14.779155,6.199703
14766,20.058977,5.1930046,12.265565,4.8258505
14767,29.40789,6.139796,14.757763,6.1880116
14768,19.979166,5.184922,12.244289,4.814222
14769,24.699886,5.663002,13.502721,5.5020432
14770,29.574776,6.156697,14.802251,6.2123275
14771,29.442638,6.143315,14.767025,6.193074
14772,24.94889,5.6882195,13.569099,5.5383234
14773,20.17266,5.204518,12.29587,4.8424144
14774,19.975563,5.184557,12.243328,4.8136964
14775,29.363766,6.1353273,14.746,6.181583
14776,15.536912,4.7350426,11.060089,4.1669736
14777,24.95411,5.688749,13.570491,5.539084
14778,20.301155,5.2175307,12.330124,4.861137
14779,20.149773,5.2022,12.289768,4.8390794
14780,15.511838,4.732503,11.053405,4.16332
14781,24.748398,5.6679153,13.515652,5.509111
14782,15.600438,4.741476,11.077024,4.1762295
14783,29.396002,6.1385913,14.754594,6.18628
14784,20.237928,5.2111278,12.313269,4.8519244
14785,20.052559,5.192355,12.263855,4.8249154
14786,20.021872,5.189247,12.255674,4.820444
14787,24.781506,5.671269,13.524477,5.5139356
14788,15.411044,4.7222958,11.026536,4.148634
14789,15.538641,4.735217,11.06055,4.1672254
14790,24.732277,5.6662836,13.511356,5.5067625
14791,29.472132,6.1463017,14.774887,6.197372
14792,24.654797,5.6584363,13.490701,5.4954734
14793,15.347932,4.7159038,11.009711,4.1394386
14794,29.525734,6.1517296,14.789177,6.2051816
14795,20.099506,5.197109,12.276369,4.831756
14796,20.084696,5.1956096,12.272421,4.8295975
14797,15.535104,4.7348595,11.0596075,4.1667104
14798,29.525116,6.151667,14.789012,6.2050915
14799,29.325232,6.131424,14.735727,6.1759677
14800,15.425759,4.723786,11.030458,4.1507783
14801,24.905464,5.683822,13.557522,5.531996
14802,15.490643,4.7303567,11.047756,4.160232
14803,15.513869,4.732709,11.0539465,4.163616
14804,15.500085,4.7313128,11.050272,4.1616077
14805,20.134266,5.2006297,12.285635,4.83682
14806,15.3912945,4.7202954,11.021271,4.145757
14807,15.590083,4.7404275,11.074265,4.174721
14808,29.426792,6.1417103,14.7628,6.1907663
14809,20.147036,5.2019224,12.28904,4.838681
14810,15.416756,4.722874,11.028059,4.1494665
14811,29.499321,6.149055,14.782134,6.2013335
14812,29.539549,6.1531296,14.79286,6.207194
14813,20.297703,5.217181,12.329205,4.8606343
14814,29.372456,6.136206,14.748316,6.1828485
14815,29.361471,6.135094,14.745388,6.181248
14816,15.330835,4.7141724,11.005154,4.1369476
14817,29.475964,6.14669,14.775909,6.19793
14818,20.202091,5.2074986,12.303715,4.8467026
14819,20.006176,5.187658,12.25149,4.8181567
14820,20.15372,5.2025995,12.290821,4.8396554
14821,20.089973,5.196144,12.273828,4.8303666
14822,24.719238,5.664963,13.507879,5.504863
14823,24.855804,5.678793,13.544285,5.524761
14824,24.67313,5.6602926,13.495588,5.4981446
14825,20.182987,5.2055635,12.298622,4.843919
14826,24.620445,5.6549573,13.481543,5.490468
14827,29.601223,6.1593747,14.809301,6.216181
14828,29.370338,6.135992,14.747751,6.1825395
14829,15.44979,4.7262197,11.036865,4.1542797
14830,24.697678,5.662779,13.502132,5.501721
14831,29.35571,6.134511,14.743852,6.180409
14832,24.706163,5.6636386,13.504395,5.502958
14833,29.319155,6.1308093,14.734108,6.175083
14834,29.585415,6.157774,14.805086,6.213877
14835,15.402175,4.721397,11.024172,4.1473417
14836,29.366203,6.1355734,14.746649,6.1819367
14837,20.011587,5.1882052,12.252933,4.818946
14838,24.763912,5.669487,13.519789,5.511372
14839,15.615504,4.7430015,11.081039,4.1784244
14840,15.480156,4.729295,11.04496,4.1587043
14841,15.525893,4.7339263,11.057152,4.1653686
14842,24.737572,5.6668186,13.512766,5.5075336
14843,29.356403,6.134581,14.744038,6.1805096
14844,29.381655,6.1371384,14.750769,6.1841884
14845,24.709312,5.6639576,13.505234,5.503417
14846,15.354921,4.7166114,11.011576,4.140457
14847,29.521877,6.1513395,14.788149,6.2046194
14848,29.310474,6.1299295,14.731792,6.1738176
14849,29.362492,6.1351976,14.74566,6.181397
14850,20.063263,5.193439,12.266707,4.826475
14851,29.478304,6.1469264,14.776533,6.1982703
14852,15.621734,4.7436323,11.082702,4.1793323
14853,24.694805,5.662489,13.501368,5.501303
14854,24.859177,5.6791344,13.545184,5.525252
14855,29.586847,6.1579194,14.805469,6.214087
14856,20.3038,5.217799,12.33083,4.861522
14857,15.626454,4.744111,11.08396,4.18002
14858,20.07297,5.194422,12.269297,4.827889
14859,15.638753,4.745356,11.087238,4.181812
14860,20.058899,5.192997,12.265544,4.825839
14861,29.342773,6.133201,14.740404,6.1785245
14862,24.675022,5.6604843,13.496092,5.4984207
14863,20.293427,5.2167478,12.328062,4.86001
14864,20.10967,5.198138,12.279078,4.8332367
14865,15.399453,4.721122,11.023446,4.1469455
14866,29.585629,6.157796,14.805141,6.2139077
14867,29.588163,6.1580524,14.805819,6.2142777
14868,20.002205,5.1872554,12.250431,4.8175783
14869,29.47238,6.146326,14.774954,6.1974077
14870,15.52486,4.7338223,11.056877,4.165218
14871,29.487663,6.1478744,14.779028,6.1996346
14872,15.347213,4.7158313,11.009521,4.1393337
14873,15.517257,4.733052,11.05485,4.1641097
14874,20.167244,5.203969,12.294426,4.841625
14875,29.519009,6.1510496,14.787384,6.204202
14876,29.548471,6.154032,14.7952385,6.2084947
14877,20.295353,5.2169433,12.328577,4.860291
14878,20.079342,5.1950674,12.270993,4.828818
14879,15.442197,4.7254505,11.034841,4.1531734
14880,20.111204,5.198294,12.279488,4.8334603
14881,29.419292,6.1409507,14.760801,6.189673
14882,15.536264,4.7349772,11.0599165,4.166879
14883,15.407557,4.7219424,11.025606,4.148126
14884,24.941702,5.687492,13.567183,5.537276
14885,20.281437,5.215534,12.324867,4.858263
14886,20.20214,5.2075033,12.303729,4.84671
14887,29.417912,6.14081,14.760433,6.189471
14888,15.466871,4.727949,11.041418,4.156769
14889,24.699352,5.662948,13.502577,5.501965
14890,29.478296,6.1469254,14.776531,6.19827
14891,24.661623,5.6591277,13.492521,5.4964676
14892,29.572119,6.1564264,14.80154,6.21194
14893,29.384518,6.1374283,14.751533,6.184606
14894,20.124172,5.199607,12.282945,4.8353496
14895,20.079262,5.1950583,12.270971,4.828806
14896,29.47363,6.1464534,14.775288,6.19759
14897,29.453848,6.14445,14.770014,6.1947074
14898,15.682919,4.7498293,11.099011,4.188247
14899,15.484315,4.729716,11.046068,4.15931
14900,20.082607,5.195398,12.271864,4.8292937
14901,24.766632,5.6697626,13.5205145,5.511768
14902,24.719719,5.665011,13.508007,5.5049324
14903,20.217379,5.2090464,12.307791,4.84893
14904,29.32447,6.1313477,14.735525,6.1758575
14905,15.333644,4.714457,11.005903,4.1373568
14906,15.53071,4.734414,11.058436,4.16607
14907,20.304607,5.2178802,12.331044,4.8616395
14908,29.354626,6.1344013,14.743563,6.180251
14909,20.03571,5.190648,12.259362,4.8224607
14910,20.182053,5.205469,12.298374,4.843783
14911,20.289486,5.2163486,12.327012,4.8594356
14912,20.051622,5.19226,12.263604,4.824779
14913,20.061874,5.1932983,12.266337,4.8262725
14914,15.4125185,4.7224445,11.026928,4.148849
14915,29.541962,6.1533732,14.793503,6.207546
14916,29.58408,6.1576385,14.804729,6.2136827
14917,24.799007,5.6730413,13.529144,5.516485
14918,29.4555,6.144617,14.770454,6.1949487
14919,24.961735,5.689521,13.572523,5.540195
14920,24.83212,5.6763945,13.5379715,5.52131
14921,29.44321,6.143372,14.767179,6.193157
14922,24.63938,5.6568747,13.486591,5.493227
14923,24.896912,5.682956,13.5552435,5.5307508
14924,15.549446,4.736312,11.063431,4.1688
14925,20.185818,5.20585,12.299377,4.8443313
14926,24.839794,5.677171,13.540016,5.5224276
14927,15.426345,4.723845,11.030615,4.1508636
14928,24.81163,5.674319,13.532509,5.5183234
14929,29.427433,6.141774,14.762974,6.1908593
14930,20.194607,5.2067404,12.301721,4.845612
14931,24.936413,5.6869564,13.565772,5.536505
14932,15.527162,4.734055,11.05749,4.165553
14933,24.791904,5.672322,13.52725,5.51545
14934,15.559112,4.737291,11.066008,4.1702085
14935,15.50374,4.7316833,11.051248,4.1621404
14936,29.424988,6.1415267,14.7623205,6.1905026
14937,19.963638,5.183349,12.240149,4.8119597
14938,29.531551,6.1523194,14.790728,6.2060294
14939,15.537047,4.7350564,11.060125,4.166993
14940,15.635756,4.7450523,11.086439,4.1813755
14941,29.539967,6.153171,14.792971,6.2072554
14942,29.437927,6.142838,14.765769,6.192388
14943,20.184587,5.205725,12.299049,4.8441525
14944,15.63756,4.7452354,11.08692,4.1816382
14945,15.556663,4.7370424,11.065354,4.1698513
14946,29.371883,6.1361485,14.748163,6.1827655
14947,24.837585,5.676947,13.539429,5.5221057
14948,29.242208,6.1230164,14.713596,6.1638713
14949,15.528619,4.7342024,11.057879,4.1657653
14950,29.309746,6.129856,14.7316,6.1737123
14951,20.100641,5.1972237,12.276671,4.831921
14952,29.511328,6.1502705,14.7853365,6.2030826
14953,20.198288,5.2071133,12.302702,4.8461485
14954,29.445972,6.1436524,14.767915,6.1935606
14955,15.61928,4.7433844,11.0820465,4.1789746
14956,15.432247,4.724443,11.032188,4.151724
14957,29.43392,6.1424313,14.7647,6.1918044
14958,20.093925,5.1965437,12.274881,4.8309426
14959,20.124712,5.1996617,12.283089,4.835428
14960,29.384743,6.137451,14.751591,6.1846385
14961,15.607682,4.7422094,11.078956,4.177285
14962,20.105827,5.197749,12.278053,4.8326764
14963,29.523731,6.151528,14.788645,6.2048903
14964,29.485813,6.147687,14.778536,6.199365
14965,24.692326,5.662237,13.500705,5.5009413
14966,15.634653,4.7449408,11.086144,4.1812143
14967,15.432229,4.724441,11.032184,4.151721
14968,20.242508,5.2115912,12.314489,4.852591
14969,29.308453,6.1297245,14.731256,6.1735234
14970,20.127768,5.1999717,12.283902,4.8358736
14971,29.339962,6.132916,14.739655,6.1781144
14972,24.822975,5.6754684,13.535534,5.5199776
14973,15.625833,4.7440476,11.083794,4.1799297
14974,20.189243,5.206197,12.300291,4.844831
14975,24.907757,5.6840544,13.558134,5.5323305
14976,24.667645,5.6597366,13.494125,5.4973445
14977,24.905207,5.683796,13.557453,5.5319586
14978,29.346272,6.1335554,14.741337,6.1790333
14979,20.178768,5.2051363,12.297498,4.843304
14980,20.081398,5.1952753,12.271542,4.8291173
14981,29.565643,6.155771,14.799814,6.2109957
14982,20.26692,5.2140636,12.320997,4.8561482
14983,20.000408,5.187073,12.249952,4.817317
14984,15.4606905,4.727323,11.03977,4.155868
14985,29.460106,6.1450834,14.771682,6.195619
14986,20.169985,5.2042465,12.2951565,4.8420243
14987,24.860699,5.679289,13.545589,5.525474
14988,20.138803,5.201089,12.286844,4.8374815
14989,20.075716,5.1947,12.270026,4.8282895
14990,24.684982,5.6614933,13.498748,5.4998717
14991,24.689693,5.66197,13.500004,5.5005574
14992,20.039883,5.1910706,12.260474,4.8230686
14993,29.39241,6.1382284,14.753635,6.1857557
14994,29.300447,6.1289144,14.72912,6.172357
14995,15.652847,4.7467837,11.090995,4.1838655
14996,24.822203,5.67539,13.535327,5.5198646
14997,29.319149,6.130808,14.734105,6.1750813
14998,15.404733,4.7216563,11.024854,4.147715
14999,29.53904,6.153077,14.792723,6.2071204
15000,24.785286,5.6716514,13.525486,5.5144863
15001,20.256638,5.213022,12.318256,4.85465
15002,20.127056,5.1998997,12.283713,4.83577
15003,24.949684,5.6883,13.569311,5.5384393
15004,15.431703,4.7243876,11.032043,4.151644
15005,24.871407,5.680373,13.548444,5.5270333
15006,20.305767,5.2179976,12.331353,4.8618083
15007,20.355482,5.223032,12.344605,4.8690515
15008,29.593105,6.1585526,14.8071375,6.214998
15009,24.72153,5.6651945,13.50849,5.5051966
15010,29.453033,6.144367,14.769795,6.1945887
15011,29.403872,6.1393886,14.756692,6.1874256
15012,15.421922,4.723397,11.029436,4.150219
15013,20.138447,5.201053,12.286751,4.8374295
15014,29.421413,6.1411653,14.761366,6.1899815
15015,24.918497,5.685142,13.560997,5.5338955
15016,24.817232,5.674886,13.534002,5.5191407
15017,15.490091,4.7303004,11.047608,4.1601515
15018,20.026106,5.189676,12.256803,4.821061
15019,29.387577,6.1377378,14.752348,6.1850514
15020,20.175827,5.2048388,12.296715,4.842876
15021,20.202833,5.2075734,12.303913,4.846811
15022,24.962261,5.689574,13.572664,5.5402718
15023,20.116726,5.198853,12.28096,4.8342648
15024,29.425812,6.1416106,14.76254,6.1906223
15025,15.602955,4.74173,11.077695,4.176596
15026,29.424484,6.1414757,14.762186,6.190429
15027,15.410245,4.722214,11.026323,4.148518
15028,24.717918,5.664829,13.507528,5.5046706
15029,29.528164,6.1519756,14.7898245,6.205536
15030,24.78885,5.672013,13.526436,5.515005
15031,15.497612,4.7310624,11.049613,4.1612473
15032,20.069695,5.1940904,12.268422,4.8274126
15033,20.294353,5.216842,12.32831,4.8601456
15034,15.50508,4.7318187,11.051604,4.1623354
15035,24.694363,5.662443,13.501248,5.501239
15036,20.198196,5.207104,12.302677,4.846135
15037,24.661331,5.6590986,13.492442,5.496425
15038,24.83532,5.6767187,13.538824,5.5217757
15039,24.925407,5.685842,13.562839,5.534902
15040,15.5109625,4.7324142,11.053172,4.1631923
15041,24.90938,5.6842184,13.558567,5.532567
15042,24.819218,5.675088,13.534532,5.51943
15043,29.497585,6.148879,14.781673,6.201081
15044,29.346333,6.133561,14.741352,6.179043
15045,24.742374,5.6673055,13.514047,5.5082335
15046,15.4106,4.7222505,11.026419,4.14857
15047,15.347047,4.7158146,11.009476,4.1393104
15048,29.475046,6.146597,14.775665,6.1977963
15049,20.057293,5.1928344,12.265115,4.825606
15050,24.683136,5.661306,13.498255,5.4996023
15051,29.377127,6.1366796,14.74956,6.1835294
15052,15.620188,4.7434764,11.082289,4.1791067
15053,15.605189,4.741957,11.078291,4.176922
15054,15.377353,4.7188835,11.017555,4.1437254
15055,15.559875,4.7373676,11.06621,4.1703196
15056,29.567905,6.156001,14.800419,6.2113266
15057,24.949085,5.68824,13.569151,5.538352
15058,20.275936,5.214977,12.323401,4.857462
15059,29.408787,6.1398864,14.758001,6.1881423
15060,15.593502,4.7407737,11.075175,4.175219
15061,29.47395,6.1464853,14.775373,6.1976366
15062,29.358154,6.134759,14.744503,6.180764
15063,24.702055,5.663223,13.503299,5.502359
15064,29.363499,6.1352997,14.74593,6.181544
15065,20.052227,5.1923213,12.263765,4.824867
15066,15.524238,4.733759,11.056711,4.165127
15067,24.684406,5.661435,13.498594,5.499788
15068,15.433957,4.724616,11.032644,4.151973
15069,15.569774,4.7383704,11.06885,4.171762
15070,15.621363,4.743595,11.0826025,4.1792784
15071,29.43275,6.1423125,14.764389,6.1916337
15072,24.712618,5.6642923,13.506113,5.503898
15073,15.491673,4.730461,11.048031,4.1603823
15074,29.394642,6.138454,14.754231,6.1860814
15075,15.425797,4.7237897,11.03047,4.1507845
15076,20.102715,5.197434,12.277225,4.8322234
15077,24.712479,5.664278,13.506078,5.5038776
15078,24.719463,5.664985,13.507939,5.504895
15079,24.64398,5.657341,13.487817,5.4938974
15080,20.157349,5.202967,12.291788,4.8401837
15081,29.44108,6.1431565,14.766609,6.192847
15082,15.470464,4.728313,11.042376,4.157292
15083,20.070795,5.1942015,12.268715,4.8275723
15084,15.349119,4.7160244,11.010029,4.1396112
15085,15.620337,4.743491,11.082329,4.1791286
15086,15.558023,4.73718,11.065718,4.1700497
15087,24.909775,5.684259,13.558672,5.5326242
15088,24.869368,5.6801667,13.5479,5.526737
15089,29.425755,6.1416044,14.762524,6.190614
15090,24.927746,5.686078,13.563462,5.5352426
15091,20.19458,5.2067375,12.301714,4.8456087
15092,29.469948,6.14608,14.774304,6.1970534
15093,15.48923,4.7302136,11.047379,4.160026
15094,20.044624,5.191551,12.261739,4.823759
15095,29.539993,6.153174,14.792978,6.207259
15096,20.100681,5.1972275,12.276682,4.831927
15097,24.676231,5.6606064,13.496414,5.4985957
15098,29.357002,6.134641,14.744196,6.180597
15099,20.043165,5.1914034,12.26135,4.823547
15100,24.732172,5.6662726,13.511328,5.5067472
15101,15.499202,4.7312236,11.050036,4.161479
15102,20.076923,5.194822,12.270349,4.828465
15103,24.830807,5.676262,13.537621,5.521118
15104,15.429499,4.7241645,11.031456,4.1513233
15105,29.485945,6.1477003,14.77857,6.199384
15106,20.075638,5.1946917,12.270006,4.828278
15107,29.500483,6.149173,14.782446,6.2015023
15108,29.465332,6.1456122,14.773076,6.196381
15109,20.135391,5.2007437,12.285934,4.836984
15110,20.281025,5.215492,12.324757,4.8582034
15111,24.886097,5.6818604,13.55236,5.5291743
15112,29.359966,6.134942,14.7449875,6.18103
15113,24.834131,5.6765976,13.538507,5.521603
15114,29.298035,6.12867,14.728477,6.172005
15115,15.439345,4.7251616,11.034081,4.152758
15116,15.580728,4.7394795,11.07177,4.173358
15117,29.376724,6.136639,14.7494545,6.1834707
15118,20.313213,5.218752,12.333339,4.8628936
15119,20.166525,5.203896,12.294233,4.8415203
15120,20.030563,5.190127,12.25799,4.82171
15121,15.505946,4.7319064,11.051835,4.1624618
15122,24.65475,5.658432,13.490688,5.4954667
15123,20.153622,5.2025895,12.290794,4.83964
15124,15.57485,4.7388844,11.070203,4.172501
15125,24.901533,5.683424,13.556476,5.5314236
15126,20.110043,5.198176,12.279179,4.8332906
15127,20.026352,5.1897006,12.256868,4.821097
15128,24.907982,5.684077,13.558195,5.532363
15129,29.556751,6.1548705,14.797445,6.2097006
15130,15.541541,4.7355113,11.061323,4.167648
15131,24.623579,5.655275,13.48238,5.4909244
15132,24.72068,5.6651087,13.508264,5.5050735
15133,15.499204,4.731223,11.050037,4.1614795
15134,24.74468,5.667539,13.514662,5.50857
15135,15.6980295,4.751359,11.10304,4.1904488
15136,15.409053,4.7220936,11.026006,4.1483445
15137,15.366494,4.7177835,11.01466,4.1421432
15138,20.062225,5.1933336,12.266432,4.826324
15139,29.497198,6.1488395,14.78157,6.2010236
15140,29.40867,6.139875,14.75797,6.1881256
15141,29.388725,6.137855,14.752653,6.1852202
15142,20.301695,5.2175856,12.330267,4.861215
15143,24.699404,5.662954,13.502592,5.501972
15144,24.687603,5.6617584,13.499446,5.500253
15145,20.233852,5.2107153,12.312182,4.8513303
15146,24.726929,5.6657414,13.50993,5.505983
15147,15.415505,4.7227473,11.027726,4.1492844
15148,24.780539,5.6711707,13.52422,5.5137944
15149,15.633729,4.7448473,11.085899,4.18108
15150,24.749256,5.6680026,13.5158825,5.5092363
15151,20.182106,5.2054744,12.298388,4.8437905
15152,20.213614,5.208665,12.306787,4.8483815
15153,24.7514,5.6682196,13.516453,5.5095487
15154,24.780468,5.6711636,13.524202,5.513783
15155,20.004086,5.1874456,12.250932,4.8178525
15156,29.320719,6.1309676,14.734524,6.1753097
15157,24.783722,5.671493,13.525069,5.514258
15158,15.65051,4.7465467,11.090372,4.183525
15159,15.528878,4.7342286,11.057948,4.165803
15160,15.65881,4.7473874,11.092585,4.1847343
15161,29.50486,6.149616,14.783612,6.202141
15162,15.543511,4.735711,11.061849,4.1679354
15163,15.663774,4.74789,11.093907,4.1854577
15164,29.523233,6.151477,14.788509,6.2048173
15165,20.085526,5.1956935,12.272642,4.8297186
15166,15.589318,4.74035,11.07406,4.1746097
15167,29.544952,6.1536765,14.7943,6.2079816
15168,19.99793,5.1868224,12.24929,4.8169556
15169,15.558915,4.737271,11.065955,4.1701794
15170,15.505301,4.731841,11.051662,4.162368
15171,15.354499,4.716569,11.011463,4.1403956
15172,20.285606,5.215956,12.325979,4.858872
15173,20.130756,5.2002745,12.2847,4.836309
15174,15.537263,4.735078,11.060184,4.1670246
15175,20.230135,5.210338,12.311192,4.850789
15176,29.324646,6.1313653,14.735572,6.175883
15177,29.315289,6.1304173,14.733077,6.174519
15178,20.022806,5.1893415,12.255922,4.8205805
15179,24.632395,5.6561675,13.484729,5.4922094
15180,24.722836,5.6653266,13.508839,5.505387
15181,24.716751,5.6647105,13.507217,5.5045004
15182,29.362774,6.1352262,14.745736,6.181438
15183,24.795849,5.6727214,13.528303,5.516025
15184,20.240479,5.2113857,12.313949,4.8522954
15185,15.675429,4.7490706,11.097015,4.187156
15186,20.1682,5.2040663,12.294681,4.841764
15187,24.858644,5.6790805,13.545042,5.5251746
15188,20.086237,5.195765,12.272831,4.8298225
15189,15.53688,4.735039,11.060081,4.166969
15190,20.211088,5.2084093,12.306114,4.8480134
15191,15.459218,4.7271743,11.039378,4.1556535
15192,15.667351,4.7482524,11.094861,4.185979
15193,29.27768,6.126608,14.72305,6.169039
15194,29.433062,6.1423454,14.764473,6.191679
15195,19.989975,5.1860166,12.2471695,4.8157964
15196,20.060993,5.1932087,12.266102,4.8261437
15197,19.987186,5.1857343,12.246428,4.8153906
15198,15.413984,4.7225933,11.02732,4.1490626
15199,29.584408,6.1576724,14.804818,6.213731
15200,15.590774,4.740497,11.074449,4.1748214
15201,20.263535,5.213721,12.320094,4.8556547
15202,29.364527,6.135404,14.746202,6.1816936
15203,15.461811,4.727437,11.04007,4.1560316
15204,15.482064,4.729488,11.045469,4.1589823
15205,24.734676,5.6665263,13.511995,5.507112
15206,29.537601,6.1529317,14.79234,6.20691
15207,29.368853,6.135842,14.747356,6.182324
15208,20.219374,5.2092485,12.308322,4.8492208
15209,29.355064,6.1344457,14.743679,6.1803145
15210,20.150013,5.2022243,12.289833,4.8391147
15211,29.518188,6.1509657,14.787165,6.204082
15212,24.91531,5.684819,13.560148,5.5334315
15213,20.12689,5.1998825,12.2836685,4.835746
15214,20.035744,5.190652,12.259371,4.8224645
15215,20.00441,5.1874785,12.251019,4.8179
15216,20.271997,5.2145777,12.322351,4.856888
15217,24.823599,5.6755314,13.5357,5.520068
15218,24.777534,5.6708665,13.52342,5.5133567
15219,24.741112,5.6671777,13.51371,5.5080495
15220,24.945158,5.6878424,13.568104,5.5377793
15221,15.482479,4.72953,11.045579,4.1590424
15222,20.25018,5.212368,12.316535,4.8537087
15223,29.320776,6.130973,14.734539,6.175319
15224,20.267714,5.2141438,12.321208,4.856264
15225,15.659816,4.7474895,11.092853,4.184881
15226,24.708204,5.663845,13.504938,5.5032554
15227,29.623005,6.1615806,14.815106,6.2193546
15228,20.117252,5.198906,12.2811,4.8343415
15229,29.565123,6.1557183,14.799677,6.2109203
15230,24.632092,5.656137,13.48465,5.492165
15231,20.029106,5.1899796,12.257602,4.8214984
15232,24.668102,5.659784,13.494247,5.497412
15233,29.42242,6.141267,14.761636,6.1901283
15234,15.603267,4.741762,11.077778,4.176642
15235,15.408971,4.722085,11.025983,4.148332
15236,20.16679,5.203923,12.294305,4.841559
15237,15.391538,4.72032,11.021337,4.1457925
15238,15.543656,4.7357254,11.061888,4.1679564
15239,24.926374,5.68594,13.563097,5.535043
15240,15.462911,4.727548,11.040362,4.1561913
15241,29.583076,6.157537,14.804462,6.2135367
15242,29.519073,6.151056,14.787401,6.204211
15243,24.644325,5.6573753,13.487909,5.493948
15244,24.886013,5.681852,13.552338,5.529162
15245,29.503288,6.149457,14.783193,6.2019105
15246,20.066118,5.193728,12.2674675,4.826891
15247,24.754223,5.668505,13.517205,5.50996
15248,15.415066,4.7227025,11.027609,4.14922
15249,20.086288,5.1957703,12.272845,4.8298297
15250,15.648694,4.746363,11.089888,4.183261
15251,20.142202,5.201433,12.28775,4.8379765
15252,29.539268,6.153101,14.792786,6.207154
15253,15.425444,4.723754,11.0303755,4.1507325
15254,24.637619,5.656697,13.486122,5.4929705
15255,20.088736,5.196018,12.273497,4.830186
15256,24.9344,5.6867523,13.565236,5.5362124
15257,24.919199,5.685213,13.561184,5.533997
15258,29.275463,6.1263843,14.722462,6.168717
15259,29.514404,6.1505823,14.786156,6.2035303
15260,24.883541,5.681602,13.55168,5.5288014
15261,20.104437,5.1976085,12.277682,4.832474
15262,29.527046,6.151862,14.789526,6.205373
15263,29.272556,6.12609,14.721685,6.1682935
15264,20.14651,5.20187,12.288898,4.838604
15265,20.218328,5.2091427,12.308044,4.849068
15266,20.257343,5.2130938,12.318445,4.854753
15267,20.224903,5.209809,12.309797,4.8500266
15268,20.166985,5.2039433,12.294357,4.8415875
15269,15.557719,4.7371497,11.065636,4.1700053
15270,29.309126,6.129793,14.731435,6.1736217
15271,24.694721,5.6624794,13.501344,5.501291
15272,15.440981,4.7253275,11.034517,4.1529965
15273,24.92775,5.686079,13.563463,5.5352435
15274,24.758125,5.668901,13.518246,5.510529
15275,29.39928,6.1389227,14.755466,6.1867566
15276,20.039694,5.1910515,12.260424,4.823041
15277,15.608795,4.742322,11.079252,4.1774473
15278,24.792974,5.67243,13.5275345,5.5156054
15279,29.339283,6.1328473,14.739473,6.178015
15280,20.07072,5.194194,12.268695,4.8275614
15281,15.506141,4.731926,11.0518875,4.1624904
15282,15.354393,4.7165585,11.011434,4.1403804
15283,20.095345,5.1966877,12.275259,4.8311496
15284,15.499796,4.7312837,11.050196,4.161566
15285,24.789604,5.6720886,13.526636,5.5151153
15286,15.590956,4.7405157,11.074497,4.174848
15287,20.062744,5.193387,12.266569,4.8263993
15288,15.542159,4.735574,11.061488,4.1677384
15289,29.453867,6.1444516,14.770018,6.194711
15290,24.859024,5.679119,13.545143,5.52523
15291,29.37721,6.1366887,14.749584,6.1835413
15292,29.426405,6.1416707,14.762698,6.1907086
15293,24.907642,5.6840425,13.558104,5.5323133
15294,20.031273,5.190199,12.258179,4.821814
15295,24.768929,5.669995,13.521126,5.512102
15296,29.434801,6.142521,14.764936,6.191932
15297,15.540364,4.735392,11.061009,4.1674767
15298,20.06441,5.193555,12.267014,4.826642
15299,20.224152,5.209732,12.309597,4.849917
15300,24.659546,5.6589174,13.491967,5.4961658
15301,20.071226,5.194245,12.268829,4.8276353
15302,20.22108,5.209421,12.308777,4.849469
15303,29.55077,6.154265,14.795851,6.20883
15304,15.442157,4.7254467,11.03483,4.1531677
15305,24.685211,5.6615167,13.498809,5.4999046
15306,29.414038,6.1404185,14.759401,6.188907
15307,29.557623,6.1549587,14.797678,6.209828
15308,15.476946,4.72897,11.044105,4.1582365
15309,24.69751,5.662762,13.502087,5.5016966
15310,29.478207,6.1469164,14.776506,6.1982565
15311,20.30249,5.2176657,12.33048,4.8613305
15312,24.803843,5.6735306,13.530433,5.5171895
15313,24.772171,5.670323,13.52199,5.512575
15314,29.477623,6.1468577,14.776352,6.198172
15315,29.350098,6.1339426,14.742355,6.1795907
15316,29.491062,6.1482186,14.779935,6.2001295
15317,24.949108,5.688242,13.569158,5.5383554
15318,24.843983,5.6775956,13.541134,5.5230384
15319,20.063494,5.193462,12.2667675,4.826508
15320,20.1628,5.203519,12.293241,4.8409777
15321,15.404685,4.7216516,11.024841,4.147708
15322,20.172724,5.204524,12.295887,4.8424234
15323,29.353882,6.1343255,14.743364,6.1801424
15324,15.651613,4.7466583,11.090666,4.183686
15325,15.550127,4.7363806,11.063612,4.168899
15326,24.640661,5.657005,13.486933,5.4934134
15327,15.564855,4.7378726,11.067538,4.1710453
15328,24.80846,5.6739984,13.531665,5.517863
15329,29.281311,6.1269765,14.72402,6.1695685
15330,24.670238,5.660001,13.494817,5.497723
15331,20.316517,5.2190866,12.334219,4.8633747
15332,29.334713,6.132385,14.738256,6.1773496
15333,15.449798,4.72622,11.036866,4.1542807
15334,20.114412,5.198619,12.280342,4.8339276
15335,24.718449,5.6648827,13.5076685,5.5047474
15336,29.389648,6.1379485,14.752899,6.1853538
15337,24.778582,5.6709723,13.523699,5.5135093
15338,15.580882,4.7394953,11.071811,4.1733804
15339,29.518932,6.151041,14.787364,6.2041907
15340,24.90284,5.683556,13.556823,5.531614
15341,29.456104,6.144678,14.770615,6.195036
15342,24.904688,5.6837435,13.557316,5.5318832
15343,24.949085,5.688239,13.569149,5.5383515
15344,24.776731,5.670785,13.523206,5.5132394
15345,29.434855,6.142526,14.76495,6.19194
15346,15.445678,4.725803,11.0357685,4.1536803
15347,20.220549,5.2093678,12.308636,4.8493924
15348,29.32526,6.1314273,14.735735,6.1759725
15349,29.37715,6.1366825,14.749567,6.183532
15350,24.85889,5.6791053,13.545108,5.5252104
15351,15.649369,4.7464314,11.090067,4.183359
15352,29.504883,6.1496186,14.783619,6.202144
15353,29.404316,6.139433,14.75681,6.187491
15354,24.870237,5.680254,13.548132,5.5268636
15355,20.248337,5.2121816,12.316044,4.8534408
15356,20.013386,5.188388,12.25341,4.8192077
15357,24.790695,5.672199,13.526928,5.515274
15358,24.806044,5.6737537,13.531019,5.517511
15359,15.417254,4.7229247,11.028192,4.1495395
15360,24.863008,5.679522,13.5462055,5.5258107
15361,15.652404,4.7467384,11.090877,4.183801
15362,15.541192,4.735476,11.061232,4.1675973
15363,24.867281,5.679955,13.547344,5.5264325
15364,29.498747,6.1489964,14.781982,6.2012496
15365,20.1007,5.1972303,12.276688,4.8319297
15366,19.989994,5.1860185,12.247176,4.8158
15367,24.734718,5.6665297,13.512006,5.507118
15368,24.85054,5.67826,13.542881,5.523994
15369,15.439982,4.7252264,11.03425,4.1528506
15370,15.501851,4.7314916,11.050743,4.161865
15371,20.166544,5.2038984,12.294239,4.841523
15372,29.386274,6.1376057,14.752001,6.1848617
15373,15.335525,4.714648,11.006405,4.137631
15374,20.185074,5.205775,12.299179,4.844223
15375,29.561579,6.15536,14.798733,6.2104044
15376,24.705467,5.6635675,13.504208,5.502856
15377,24.675457,5.6605287,13.496208,5.4984837
15378,20.126474,5.1998405,12.283558,4.8356853
15379,24.64405,5.657348,13.487836,5.493907
15380,24.721403,5.6651816,13.508455,5.505178
15381,20.112667,5.1984425,12.279877,4.833673
15382,20.030441,5.1901145,12.257957,4.821693
15383,29.377499,6.1367173,14.7496605,6.1835837
15384,24.91303,5.6845884,13.55954,5.5330987
15385,29.58668,6.1579022,14.805424,6.2140617
15386,24.778568,5.6709714,13.523695,5.5135074
15387,15.385772,4.7197366,11.0198,4.1449523
15388,29.499748,6.1490993,14.782249,6.2013955
15389,15.475119,4.7287846,11.043617,4.15797
15390,15.596425,4.7410693,11.075954,4.1756444
15391,15.584569,4.739869,11.072794,4.1739173
15392,20.286003,5.215996,12.326084,4.8589287
15393,20.313705,5.218802,12.333469,4.862965
15394,24.841661,5.6773605,13.540515,5.5227
15395,15.505467,4.731858,11.051706,4.1623917
15396,24.89719,5.682984,13.555317,5.530791
15397,24.808798,5.6740327,13.531754,5.5179114
15398,15.402255,4.7214055,11.024194,4.147354
15399,29.382683,6.1372423,14.751042,6.184338
15400,19.988556,5.185873,12.246792,4.81559
15401,29.58037,6.157263,14.803741,6.2131424
15402,24.819775,5.6751447,13.534679,5.519511
15403,24.8027,5.6734147,13.5301285,5.5170236
15404,15.452447,4.726488,11.037573,4.154667
15405,24.935902,5.6869044,13.565636,5.536431
15406,24.675238,5.6605062,13.49615,5.4984517
15407,15.493875,4.7306833,11.048616,4.1607027
15408,24.841175,5.677311,13.540386,5.522629
15409,15.430701,4.724286,11.031776,4.1514983
15410,15.386176,4.719777,11.019907,4.145011
15411,29.557663,6.1549635,14.797688,6.209833
15412,29.428577,6.1418905,14.763277,6.191026
15413,15.525603,4.733897,11.0570755,4.165326
15414,29.53257,6.1524215,14.790998,6.206177
15415,15.368314,4.717968,11.015145,4.1424084
15416,20.121996,5.199387,12.282364,4.835033
15417,20.104506,5.1976156,12.277701,4.832484
15418,15.529394,4.734281,11.058085,4.1658783
15419,20.084496,5.195589,12.2723675,4.829569
15420,20.198086,5.207093,12.302649,4.8461194
15421,15.611701,4.742616,11.080027,4.1778708
15422,20.193272,5.206605,12.301365,4.8454175
15423,20.213049,5.208608,12.306637,4.8482985
15424,24.695158,5.662524,13.501461,5.5013537
15425,15.401111,4.721289,11.023889,4.147187
15426,20.083664,5.195505,12.272146,4.8294473
15427,20.132551,5.2004557,12.285178,4.8365703
15428,24.701946,5.6632113,13.503269,5.502343
15429,29.320742,6.1309705,14.73453,6.175314
15430,15.600614,4.7414937,11.077072,4.176255
15431,15.345046,4.7156115,11.008943,4.139018
15432,24.798265,5.672966,13.528946,5.516377
15433,24.832628,5.676446,13.538107,5.521384
15434,24.80095,5.6732373,13.529661,5.516768
15435,20.076103,5.194739,12.27013,4.828346
15436,15.582454,4.7396545,11.072229,4.1736093
15437,24.829569,5.676136,13.537292,5.520938
15438,29.28645,6.1274967,14.7253895,6.170318
15439,20.173498,5.2046027,12.296094,4.8425364
15440,15.469287,4.7281938,11.042063,4.1571207
15441,15.502273,4.731534,11.050856,4.1619267
15442,15.517644,4.7330914,11.054953,4.164166
15443,29.348877,6.133819,14.742031,6.1794133
15444,20.029316,5.190001,12.257658,4.821529
15445,24.845535,5.677753,13.541547,5.523264
15446,20.285217,5.2159166,12.325874,4.8588147
15447,15.587921,4.7402086,11.0736885,4.174406
15448,24.80468,5.6736155,13.530656,5.5173116
15449,29.502388,6.1493654,14.782953,6.2017794
15450,15.523404,4.7336745,11.056489,4.1650057
15451,20.289438,5.2163444,12.327,4.8594294
15452,20.178629,5.205122,12.297461,4.843284
15453,24.619642,5.6548758,13.48133,5.490351
15454,19.97716,5.184719,12.243753,4.813929
15455,29.494919,6.148609,14.780962,6.2006917
15456,20.080017,5.1951356,12.2711735,4.828916
15457,29.533958,6.1525626,14.7913685,6.20638
15458,24.839142,5.6771054,13.539843,5.522333
15459,24.734718,5.6665297,13.512007,5.5071187
15460,24.72297,5.6653404,13.508875,5.5054064
15461,29.498512,6.1489725,14.7819195,6.2012153
15462,15.4629545,4.7275524,11.040375,4.156198
15463,20.055847,5.192688,12.264731,4.8253946
15464,15.405513,4.721735,11.025062,4.1478286
15465,24.906807,5.6839585,13.557881,5.5321918
15466,29.316261,6.130516,14.7333355,6.174661
15467,29.47719,6.1468134,14.776237,6.198108
15468,15.5977545,4.7412043,11.076308,4.1758385
15469,15.46223,4.727479,11.040181,4.156092
15470,24.814823,5.6746426,13.53336,5.51879
15471,29.448212,6.1438785,14.768511,6.1938863
15472,15.538379,4.7351913,11.060481,4.1671877
15473,24.77072,5.670176,13.521603,5.5123634
15474,15.368023,4.7179384,11.015067,4.142366
15475,15.630279,4.744498,11.084979,4.1805773
15476,15.386176,4.719777,11.019907,4.145011
15477,29.381092,6.1370816,14.750618,6.184107
15478,29.58811,6.1580467,14.805804,6.21427
15479,24.668907,5.6598654,13.494462,5.4975295
15480,29.483795,6.147483,14.777996,6.199071
15481,15.520196,4.73335,11.055633,4.164538
15482,29.450352,6.1440964,14.769081,6.194199
15483,20.176693,5.204926,12.296945,4.843002
15484,15.365793,4.717713,11.014474,4.142041
15485,20.234947,5.210826,12.312475,4.85149
15486,24.815277,5.674689,13.533482,5.5188556
15487,29.286598,6.127512,14.72543,6.1703386
15488,20.042555,5.1913414,12.261187,4.8234577
15489,24.84306,5.6775026,13.540887,5.522904
15490,29.358837,6.134828,14.744686,6.180865
15491,29.345692,6.1334963,14.74118,6.178949
15492,15.652017,4.7466993,11.090774,4.1837444
15493,20.186596,5.2059293,12.299585,4.844445
15494,29.509815,6.150118,14.784933,6.202862
15495,24.777748,5.670888,13.523477,5.5133877
15496,20.273369,5.214717,12.322718,4.8570886
15497,24.704777,5.663498,13.504023,5.502755
15498,24.719463,5.664985,13.507938,5.5048957
15499,19.969414,5.183934,12.24169,4.812801
15500,29.536026,6.152772,14.791919,6.206681
15501,24.691309,5.662134,13.500435,5.5007935
15502,15.414165,4.7226114,11.027369,4.149089
15503,24.839859,5.6771784,13.540034,5.5224376
15504,29.343678,6.1332927,14.740644,6.178655
15505,15.4261675,4.723827,11.030568,4.150838
15506,29.335215,6.132436,14.738388,6.177422
15507,15.453719,4.7266173,11.037912,4.1548524
15508,15.658116,4.7473173,11.092401,4.1846337
15509,29.2786,6.126702,14.723295,6.1691732
15510,24.906343,5.6839113,13.557757,5.532124
15511,15.349599,4.7160726,11.010157,4.139682
15512,24.945332,5.6878595,13.568151,5.537805
15513,29.321728,6.1310687,14.734793,6.1754575
15514,24.88313,5.68156,13.551569,5.5287423
15515,15.409337,4.7221227,11.02608,4.1483855
15516,24.729221,5.665974,13.510541,5.506317
15517,20.10808,5.1979775,12.278654,4.8330054
15518,15.4278345,4.7239957,11.031012,4.151081
15519,24.919693,5.685263,13.561316,5.5340695
15520,20.216448,5.2089524,12.307543,4.848794
15521,29.315811,6.1304703,14.733217,6.1745954
15522,29.419802,6.1410017,14.760938,6.189747
15523,15.578881,4.7392926,11.071278,4.1730886
15524,24.742283,5.6672964,13.514023,5.5082207
15525,15.601158,4.741549,11.077217,4.176335
15526,24.834473,5.676633,13.538599,5.5216527
15527,20.247263,5.2120724,12.315756,4.8532844
15528,24.94873,5.6882043,13.569057,5.5383
15529,24.917475,5.685038,13.560724,5.533746
15530,15.547698,4.736135,11.062965,4.1685452
15531,29.367527,6.1357083,14.747004,6.1821303
15532,20.110025,5.1981745,12.279173,4.8332887
15533,24.890064,5.6822624,13.553417,5.5297523
15534,20.115997,5.1987796,12.280766,4.8341584
15535,15.61761,4.7432146,11.081601,4.178732
15536,20.226562,5.209977,12.310239,4.8502684
15537,15.396719,4.7208447,11.022718,4.1465473
15538,29.270851,6.125917,14.721231,6.1680446
15539,20.251915,5.212544,12.316998,4.8539624
15540,20.056324,5.1927357,12.264856,4.825464
15541,15.554405,4.736814,11.064753,4.1695223
15542,20.313263,5.218757,12.333351,4.8629003
15543,29.393475,6.1383357,14.75392,6.1859107
15544,20.18143,5.205406,12.298208,4.8436923
15545,15.650443,4.74654,11.090355,4.1835155
15546,20.208994,5.2081976,12.305555,4.8477087
15547,15.472819,4.728552,11.043004,4.157635
15548,20.159231,5.203158,12.29229,4.840458
15549,24.85007,5.678212,13.542756,5.5239253
15550,15.655755,4.7470784,11.09177,4.1842895
15551,29.355247,6.1344643,14.74373,6.1803412
15552,20.281578,5.2155485,12.324905,4.8582845
15553,29.500519,6.149176,14.782455,6.201508
15554,29.477741,6.14687,14.776384,6.1981893
15555,29.561928,6.155395,14.798824,6.2104554
15556,15.359256,4.7170506,11.012731,4.1410885
15557,29.418064,6.1408257,14.760475,6.189494
15558,29.54281,6.153459,14.793729,6.20767
15559,24.808662,5.674019,13.531717,5.517892
15560,15.485049,4.72979,11.046265,4.159417
15561,15.493838,4.7306805,11.048607,4.1606975
15562,29.36499,6.135451,14.746326,6.1817613
15563,20.144266,5.201642,12.2883005,4.8382773
15564,20.03608,5.1906857,12.25946,4.822514
15565,15.609447,4.7423882,11.079426,4.177542
15566,24.843805,5.677578,13.541086,5.5230126
15567,29.478264,6.146923,14.776524,6.198265
15568,20.067707,5.193889,12.267891,4.8271227
15569,29.536106,6.1527805,14.791943,6.206693
15570,29.615658,6.160836,14.8131485,6.2182837
15571,15.577851,4.7391887,11.071003,4.172939
15572,24.841305,5.6773243,13.54042,5.5226483
15573,20.284851,5.21588,12.325777,4.8587613
15574,20.163063,5.2035456,12.293312,4.8410163
15575,24.810442,5.674199,13.532192,5.5181513
15576,20.158325,5.2030663,12.292049,4.840326
15577,20.25138,5.21249,12.316856,4.8538847
15578,20.114193,5.198597,12.280285,4.833896
15579,20.101582,5.197319,12.276921,4.8320584
15580,29.415962,6.140613,14.759914,6.1891875
15581,20.257896,5.21315,12.318592,4.854833
15582,29.44549,6.1436033,14.767786,6.1934896
15583,24.80299,5.6734443,13.530205,5.517066
15584,29.437908,6.1428356,14.765764,6.192385
15585,29.28543,6.1273937,14.725117,6.1701684
15586,24.84854,5.6780577,13.542349,5.523702
15587,29.463907,6.1454678,14.772695,6.196173
15588,29.556417,6.154837,14.797357,6.209653
15589,15.656978,4.747202,11.092096,4.184468
15590,15.484096,4.7296934,11.04601,4.159278
15591,15.389485,4.720112,11.020789,4.1454935
15592,24.818527,5.6750174,13.534348,5.5193295
15593,29.332092,6.1321187,14.737557,6.176967
15594,20.166077,5.2038507,12.294115,4.8414545
15595,24.680998,5.66109,13.497686,5.499291
15596,24.814342,5.6745944,13.533232,5.518719
15597,24.724335,5.665478,13.509237,5.5056047
15598,15.401855,4.721365,11.024087,4.1472955
15599,29.396435,6.1386347,14.754709,6.1863427
15600,24.878727,5.681114,13.550395,5.528101
15601,24.853497,5.67856,13.54367,5.5244246
15602,20.160625,5.2032986,12.292662,4.8406606
15603,15.433253,4.7245445,11.032456,4.1518703
15604,24.832363,5.6764193,13.538036,5.521345
15605,24.788315,5.671958,13.526295,5.5149274
15606,24.68948,5.661949,13.499948,5.500527
15607,29.49269,6.148383,14.780367,6.200367
15608,20.200794,5.207367,12.3033695,4.8465137
15609,15.499881,4.7312922,11.050219,4.1615777
15610,24.944824,5.6878076,13.568014,5.53773
15611,15.4753275,4.7288055,11.043673,4.1580005
15612,15.649865,4.7464814,11.0902,4.183431
15613,20.138609,5.2010694,12.286792,4.8374534
15614,15.519485,4.7332773,11.055444,4.1644344
15615,29.357264,6.134669,14.7442665,6.180635
15616,15.466453,4.727907,11.041307,4.156708
15617,24.802013,5.673345,13.529945,5.516923
15618,15.57137,4.738532,11.069275,4.171994
15619,15.579526,4.739358,11.071449,4.1731825
15620,20.082418,5.1953783,12.271813,4.829266
15621,15.455424,4.72679,11.038366,4.155101
15622,24.75365,5.6684475,13.517054,5.5098767
15623,29.436657,6.142709,14.76543,6.1922026
15624,20.217787,5.2090874,12.307899,4.8489895
15625,29.400543,6.139052,14.755806,6.1869416
15626,20.279778,5.215366,12.324425,4.858022
15627,20.18734,5.2060046,12.299784,4.8445535
15628,15.500119,4.731316,11.050282,4.1616125
15629,15.455698,4.7268176,11.03844,4.155141
15630,24.925926,5.6858945,13.562979,5.534978
15631,20.204779,5.207771,12.304432,4.847094
15632,15.406204,4.721805,11.025247,4.147929
15633,29.49799,6.14892,14.78178,6.201139
15634,24.893074,5.682567,13.55422,5.530191
15635,29.421686,6.141193,14.76144,6.1900215
15636,15.480058,4.729285,11.044933,4.15869
15637,15.6490555,4.7463994,11.089984,4.1833134
15638,29.572987,6.156516,14.801773,6.2120667
15639,20.124836,5.1996746,12.283121,4.8354464
15640,20.167784,5.204024,12.29457,4.841704
15641,24.912827,5.6845675,13.5594845,5.5330687
15642,24.623465,5.655263,13.482349,5.490908
15643,15.559897,4.7373705,11.066216,4.170323
15644,20.199764,5.2072625,12.303095,4.8463635
15645,15.502947,4.7316027,11.051035,4.162025
15646,15.493562,4.7306523,11.048533,4.1606574
15647,29.3399,6.1329103,14.739637,6.178105
15648,20.212812,5.2085843,12.306574,4.848265
15649,19.99452,5.1864767,12.248383,4.816459
15650,20.006145,5.1876545,12.251481,4.818153
15651,20.299877,5.2174015,12.3297825,4.8609505
15652,19.968826,5.183875,12.241532,4.8127155
15653,20.21342,5.208646,12.306736,4.8483534
15654,29.445518,6.143606,14.767792,6.193494
15655,29.526867,6.151844,14.789477,6.2053466
15656,29.489738,6.1480846,14.779581,6.1999373
15657,15.473823,4.7286534,11.043272,4.1577816
15658,29.261154,6.124935,14.718645,6.1666317
15659,24.892815,5.682541,13.55415,5.530153
15660,20.292572,5.2166615,12.327836,4.8598857
15661,20.040924,5.191176,12.260751,4.82322
15662,20.198097,5.2070932,12.30265,4.846121
15663,24.843004,5.677496,13.540873,5.522896
15664,29.522133,6.151365,14.788218,6.2046576
15665,15.500746,4.73138,11.050448,4.161704
15666,24.877842,5.6810246,13.550159,5.5279713
15667,15.411664,4.7223577,11.026702,4.1487246
15668,20.09789,5.1969457,12.275938,4.83152
15669,15.402631,4.7214437,11.024294,4.1474085
15670,15.405114,4.721695,11.024956,4.1477704
15671,24.78452,5.671574,13.525283,5.5143747
15672,15.465392,4.7277994,11.041024,4.1565533
15673,20.303856,5.217804,12.330843,4.86153
15674,20.27076,5.2144523,12.322021,4.856708
15675,20.278994,5.2152867,12.324217,4.8579073
15676,29.45618,6.1446857,14.770636,6.195047
15677,24.72034,5.665074,13.508173,5.5050225
15678,29.429672,6.142001,14.763569,6.1911855
15679,24.831017,5.6762824,13.537677,5.521149
15680,15.4623,4.727486,11.040199,4.1561027
15681,15.369562,4.718095,11.015478,4.14259
15682,24.957542,5.689096,13.571405,5.539584
15683,24.880562,5.6813,13.550884,5.5283675
15684,20.177067,5.204964,12.297045,4.843057
15685,15.449304,4.72617,11.036736,4.154209
15686,24.937366,5.6870527,13.566027,5.5366445
15687,20.105392,5.1977053,12.277938,4.8326135
15688,29.522402,6.1513925,14.788288,6.204696
15689,24.661692,5.659135,13.492539,5.4964776
15690,24.828592,5.6760364,13.537029,5.520796
15691,15.60155,4.7415886,11.07732,4.176391
15692,24.83871,5.677061,13.539728,5.5222697
15693,15.563962,4.7377825,11.067301,4.170915
15694,29.496733,6.1487927,14.781446,6.2009563
15695,20.09863,5.1970205,12.276135,4.831628
15696,20.229343,5.2102585,12.31098,4.8506737
15697,15.393043,4.7204723,11.021738,4.1460114
15698,29.394672,6.138457,14.75424,6.186086
15699,15.51789,4.733116,11.055019,4.164202
15700,24.648703,5.657819,13.489075,5.494585
15701,15.460238,4.7272773,11.03965,4.1558022
15702,24.690739,5.662076,13.500282,5.50071
15703,15.344802,4.715587,11.008878,4.138983
15704,24.8956,5.682823,13.554893,5.5305586
15705,15.570432,4.738437,11.069025,4.1718574
15706,15.46634,4.7278953,11.041277,4.156691
15707,20.260849,5.213449,12.31938,4.8552637
15708,29.464989,6.1455774,14.772982,6.1963305
15709,15.398003,4.720975,11.02306,4.146734
15710,29.57948,6.1571727,14.803504,6.213012
15711,24.648956,5.657845,13.489143,5.494622
15712,29.54256,6.1534348,14.793662,6.2076335
15713,15.373783,4.718522,11.0166025,4.143205
15714,24.621685,5.655083,13.481874,5.4906487
15715,15.636077,4.7450852,11.086525,4.181422
15716,20.02068,5.1891265,12.255356,4.8202705
15717,15.569735,4.7383666,11.068838,4.1717563
15718,15.5255785,4.733895,11.057068,4.1653223
15719,29.401955,6.139194,14.75618,6.1871467
15720,15.592897,4.740712,11.075014,4.175131
15721,20.249945,5.2123446,12.316473,4.853675
15722,15.573116,4.738709,11.06974,4.172249
15723,20.20084,5.2073717,12.303382,4.8465204
15724,20.233976,5.210727,12.312216,4.851349
15725,24.839584,5.6771502,13.539961,5.5223975
15726,15.401818,4.721361,11.024077,4.14729
15727,20.293701,5.216776,12.328136,4.8600507
15728,20.029207,5.18999,12.257629,4.821513
15729,20.1947,5.20675,12.301744,4.8456254
15730,15.4865465,4.7299414,11.046663,4.159635
15731,20.041634,5.191248,12.260941,4.8233232
15732,15.524079,4.7337427,11.056669,4.165104
15733,29.297993,6.128666,14.728467,6.171999
15734,24.624386,5.655356,13.482594,5.491042
15735,24.838736,5.677064,13.539735,5.522274
15736,20.224735,5.2097917,12.3097515,4.8500023
15737,29.40179,6.1391783,14.756138,6.187123
15738,24.76762,5.669862,13.520777,5.511912
15739,29.494225,6.1485386,14.780777,6.200591
15740,24.841702,5.6773643,13.540525,5.522706
15741,29.450699,6.144131,14.769175,6.194249
15742,15.653729,4.746873,11.09123,4.1839943
15743,15.46741,4.728004,11.041562,4.156847
15744,20.308805,5.2183056,12.332163,4.8622513
15745,24.779898,5.6711054,13.524051,5.5137014
15746,20.197504,5.2070336,12.302492,4.846034
15747,15.391799,4.7203465,11.021406,4.1458306
15748,20.137108,5.2009172,12.286392,4.8372345
15749,15.51332,4.732653,11.053801,4.163536
15750,29.250793,6.1238856,14.715884,6.1651216
15751,19.993357,5.186359,12.248072,4.8162894
15752,29.480968,6.147197,14.777245,6.1986594
15753,29.420038,6.141026,14.761001,6.189782
15754,20.18514,5.2057815,12.299197,4.8442326
15755,15.61304,4.742752,11.080383,4.178066
15756,15.548169,4.7361827,11.063089,4.168614
15757,29.35357,6.134294,14.743282,6.180097
15758,29.358025,6.1347456,14.74447,6.180746
15759,15.370255,4.7181644,11.015663,4.142691
15760,29.407482,6.1397543,14.757654,6.187952
15761,29.419754,6.140997,14.760925,6.18974
15762,20.130295,5.2002273,12.284576,4.8362417
15763,29.4491,6.1439686,14.768747,6.194016
15764,29.373842,6.136348,14.748686,6.1830506
15765,20.19218,5.206495,12.301074,4.845259
15766,20.131834,5.200383,12.2849865,4.8364663
15767,20.190208,5.206295,12.300549,4.8449717
15768,20.150059,5.2022285,12.2898445,4.8391213
15769,20.002638,5.187299,12.2505455,4.8176413
15770,20.092497,5.196399,12.274501,4.8307347
15771,24.894497,5.6827116,13.5546,5.5303984
15772,20.278028,5.215189,12.323958,4.8577666
15773,29.481205,6.14722,14.777306,6.1986938
15774,29.267906,6.1256185,14.720446,6.1676154
15775,29.481724,6.147273,14.777446,6.198769
15776,24.82409,5.675582,13.5358305,5.52014
15777,24.796797,5.672817,13.528555,5.516163
15778,15.65132,4.746629,11.090589,4.1836433
15779,15.616677,4.7431207,11.081353,4.1785955
15780,29.427914,6.1418233,14.7631,6.1909285
15781,24.830956,5.676276,13.537661,5.5211396
15782,15.52123,4.733454,11.055909,4.1646886
15783,24.823292,5.6755004,13.535618,5.5200233
15784,15.501531,4.731459,11.050657,4.1618185
15785,20.04522,5.1916113,12.261898,4.823846
15786,20.256208,5.2129793,12.318142,4.8545876
15787,24.862198,5.6794405,13.545988,5.525692
15788,15.461233,4.7273784,11.039915,4.1559467
15789,15.515263,4.7328496,11.054318,4.1638193
15790,20.110264,5.198199,12.279237,4.8333235
15791,15.495464,4.730845,11.049041,4.1609344
15792,24.821129,5.6752815,13.535041,5.519708
15793,20.086697,5.1958113,12.272953,4.82989
15794,29.603132,6.159568,14.809811,6.2164593
15795,29.301174,6.1289883,14.729315,6.172463
15796,20.169338,5.2041807,12.294984,4.8419304
15797,24.626041,5.6555233,13.483035,5.491283
15798,20.295631,5.2169714,12.328651,4.8603315
15799,15.56611,4.7379994,11.067873,4.171228
15800,15.651505,4.746648,11.090637,4.18367
15801,24.723656,5.66541,13.509057,5.5055065
15802,15.599353,4.741366,11.076735,4.1760716
15803,29.570686,6.156282,14.801159,6.2117314
15804,29.449474,6.144007,14.768848,6.1940703
15805,29.582329,6.157461,14.804264,6.2134275
15806,20.008211,5.1878633,12.252031,4.8184543
15807,15.398258,4.7210007,11.023128,4.1467714
15808,29.285503,6.1274014,14.725137,6.1701794
15809,20.078402,5.194972,12.270742,4.8286805
15810,20.193024,5.20658,12.301298,4.8453813
15811,15.627599,4.744227,11.084265,4.180187
15812,29.407444,6.1397505,14.757643,6.187947
15813,24.722319,5.6652746,13.508701,5.5053115
15814,15.522535,4.7335863,11.056257,4.1648793
15815,20.07906,5.1950383,12.270918,4.8287764
15816,24.84805,5.6780076,13.542215,5.52363
15817,29.539074,6.1530814,14.792734,6.207125
15818,24.840094,5.677202,13.540096,5.522471
15819,24.70272,5.66329,13.503477,5.502456
15820,24.828238,5.676,13.536936,5.5207443
15821,15.586794,4.740094,11.073387,4.1742415
15822,15.405475,4.721731,11.025052,4.147823
15823,29.386597,6.1376386,14.752086,6.1849093
15824,24.703957,5.663415,13.503805,5.5026355
15825,20.084133,5.1955523,12.27227,4.829516
15826,29.507078,6.1498404,14.784204,6.202463
15827,15.416665,4.7228646,11.028035,4.1494536
15828,20.091637,5.196312,12.274271,4.830609
15829,15.649335,4.746428,11.090058,4.183354
15830,24.738731,5.666937,13.513077,5.5077033
15831,29.576355,6.156856,14.802671,6.212557
15832,24.920975,5.685393,13.561657,5.5342565
15833,29.337164,6.132633,14.738909,6.177707
15834,15.646224,4.746113,11.08923,4.182901
15835,29.407843,6.1397905,14.75775,6.188004
15836,20.158136,5.2030473,12.291999,4.840298
15837,15.642416,4.745727,11.088215,4.182346
15838,29.489407,6.1480513,14.779493,6.199889
15839,29.265781,6.1254034,14.719879,6.1673055
15840,24.667187,5.659691,13.494003,5.4972787
15841,24.652994,5.658253,13.490219,5.49521
15842,15.6059475,4.742034,11.078493,4.177032
15843,15.37189,4.71833,11.016099,4.1429296
15844,15.542749,4.735634,11.0616455,4.1678243
15845,29.330235,6.131931,14.737061,6.176697
15846,20.179918,5.205253,12.297805,4.843472
15847,20.17968,5.205229,12.297741,4.8434377
15848,15.513627,4.7326846,11.053884,4.1635814
15849,29.329762,6.1318836,14.736935,6.176628
15850,15.349841,4.7160974,11.01022,4.139717
15851,15.602265,4.741661,11.077511,4.1764956
15852,24.756172,5.6687026,13.517725,5.510244
15853,15.528632,4.7342043,11.057882,4.1657677
15854,24.900406,5.6833096,13.556175,5.53126
15855,20.111668,5.198341,12.279612,4.8335276
15856,24.730595,5.6661124,13.510906,5.506517
15857,15.501399,4.731446,11.050623,4.1617994
15858,24.691484,5.662152,13.500481,5.5008187
15859,29.500504,6.1491756,14.782452,6.201506
15860,15.663663,4.7478786,11.093878,4.1854415
15861,29.277046,6.126545,14.722882,6.1689477
15862,29.42694,6.1417246,14.76284,6.190787
15863,15.655368,4.747039,11.091668,4.184233
15864,20.02482,5.1895456,12.25646,4.8208737
15865,20.065481,5.1936636,12.267299,4.826798
15866,24.734615,5.66652,13.511978,5.507103
15867,20.172993,5.2045517,12.295959,4.8424635
15868,15.427438,4.7239556,11.030907,4.151023
15869,29.380531,6.137025,14.750468,6.1840253
15870,29.466492,6.1457305,14.773384,6.19655
15871,15.528291,4.7341695,11.057791,4.1657176
15872,24.664034,5.659372,13.493164,5.496819
15873,15.359889,4.717115,11.012899,4.141181
15874,29.40066,6.139063,14.755835,6.186958
15875,15.638595,4.74534,11.087195,4.181789
15876,20.157248,5.2029567,12.291761,4.8401685
15877,29.446407,6.1436954,14.76803,6.193623
15878,15.559304,4.73731,11.066059,4.170236
15879,24.72633,5.6656804,13.509771,5.5058956
15880,29.483774,6.1474805,14.777991,6.199068
15881,20.252638,5.2126174,12.31719,4.854068
15882,15.614876,4.742938,11.080873,4.178333
15883,29.390602,6.138045,14.753154,6.185493
15884,24.900785,5.683348,13.556275,5.531314
15885,15.4551935,4.7267666,11.038305,4.1550674
15886,20.126884,5.1998816,12.283667,4.8357444
15887,24.621422,5.655056,13.481804,5.4906106
15888,20.043987,5.191487,12.261569,4.823667
15889,20.086233,5.195765,12.27283,4.8298216
15890,24.781609,5.671279,13.524506,5.51395
15891,29.560411,6.155242,14.798421,6.210234
15892,24.831352,5.6763163,13.5377655,5.521198
15893,15.617808,4.743235,11.081655,4.1787605
15894,20.304611,5.2178807,12.331045,4.8616405
15895,29.285807,6.1274323,14.725218,6.1702237
15896,29.349796,6.133912,14.742278,6.1795473
15897,15.430711,4.724287,11.031778,4.1514997
15898,20.237494,5.211084,12.313153,4.8518615
15899,15.428352,4.724048,11.031151,4.1511564
15900,24.692219,5.662226,13.500677,5.500926
15901,15.426599,4.7238708,11.030683,4.1509004
15902,29.577091,6.156931,14.802868,6.212665
15903,24.73885,5.666949,13.513108,5.5077205
15904,20.25748,5.213108,12.318481,4.854773
15905,20.255947,5.212952,12.318071,4.85455
15906,20.145725,5.20179,12.28869,4.83849
15907,20.146698,5.2018886,12.28895,4.838632
15908,24.89533,5.6827955,13.554821,5.53052
15909,20.189526,5.2062254,12.300365,4.8448715
15910,29.561337,6.1553354,14.798668,6.2103686
15911,15.5599,4.7373705,11.066217,4.1703234
15912,29.485165,6.147621,14.778362,6.19927
15913,29.585447,6.1577773,14.805095,6.213882
15914,29.535255,6.1526947,14.791714,6.2065682
15915,15.429566,4.724171,11.031473,4.151333
15916,20.31148,5.2185764,12.332874,4.8626404
15917,15.547297,4.736094,11.062858,4.1684866
15918,29.532717,6.1524367,14.7910385,6.206199
15919,24.73839,5.666902,13.512984,5.507653
15920,24.906385,5.6839156,13.55777,5.5321307
15921,20.161087,5.2033453,12.292785,4.8407288
15922,29.311104,6.1299934,14.731961,6.17391
15923,19.982986,5.185309,12.245308,4.8147783
15924,20.285599,5.2159553,12.325976,4.8588696
15925,15.402949,4.7214756,11.024378,4.147455
15926,29.38403,6.1373787,14.751402,6.1845345
15927,29.3359,6.1325054,14.738572,6.177522
15928,20.08001,5.195135,12.271172,4.828915
15929,29.464087,6.1454864,14.772743,6.1961994
15930,20.094122,5.1965637,12.274933,4.8309712
15931,20.018261,5.1888814,12.254711,4.819918
15932,20.17792,5.2050505,12.297272,4.8431816
15933,24.626764,5.6555977,13.483228,5.491389
15934,29.276775,6.1265163,14.722811,6.1689076
15935,15.640836,4.745567,11.087793,4.1821156
15936,24.696642,5.662674,13.501856,5.50157
15937,24.65654,5.6586127,13.491165,5.4957275
15938,29.353119,6.1342487,14.743162,6.1800313
15939,24.674736,5.6604557,13.496016,5.4983783
15940,20.185417,5.2058096,12.299271,4.844273
15941,15.63356,4.74483,11.085854,4.1810555
15942,20.071392,5.194262,12.268875,4.827659
15943,20.074879,5.1946154,12.269804,4.8281674
15944,15.344522,4.7155585,11.008803,4.1389422
15945,20.014753,5.188526,12.253776,4.819407
15946,15.54333,4.7356925,11.061801,4.1679087
15947,20.194384,5.206718,12.301661,4.8455796
15948,29.36036,6.1349816,14.7450905,6.181086
15949,24.954815,5.68882,13.570678,5.5391865
15950,24.773384,5.6704464,13.522314,5.512752
15951,24.83596,5.676783,13.538994,5.521869
15952,29.50667,6.1498,14.784095,6.2024045
15953,29.562922,6.155496,14.799091,6.2105994
15954,15.579073,4.739312,11.071329,4.1731167
15955,24.656061,5.6585636,13.491037,5.4956574
15956,29.366884,6.135643,14.746832,6.182037
15957,15.440819,4.7253113,11.034474,4.1529727
15958,29.3406,6.1329803,14.739824,6.178207
15959,24.885527,5.6818027,13.552208,5.5290914
15960,24.696758,5.662686,13.501887,5.5015874
15961,29.476938,6.1467886,14.776169,6.198072
15962,24.918406,5.6851325,13.560972,5.5338817
15963,15.508874,4.732203,11.052615,4.1628885
15964,24.945358,5.687863,13.568157,5.537809
15965,20.112087,5.1983833,12.279722,4.833589
15966,24.721554,5.665197,13.508497,5.5052004
15967,15.4803505,4.7293143,11.0450115,4.158733
15968,20.04188,5.191273,12.261007,4.8233595
15969,29.433197,6.1423583,14.764509,6.1916986
15970,24.693062,5.662311,13.500901,5.5010486
15971,15.452876,4.726532,11.037688,4.1547294
15972,24.805204,5.6736684,13.530796,5.517388
15973,29.506428,6.149774,14.784031,6.2023683
15974,15.482287,4.7295103,11.045528,4.1590147
15975,20.150095,5.2022324,12.289854,4.839126
15976,20.052849,5.192384,12.26393,4.8249574
15977,15.662417,4.7477527,11.093546,4.1852603
15978,20.184742,5.2057414,12.299091,4.844175
15979,29.315332,6.1304216,14.733088,6.1745257
15980,24.705544,5.6635756,13.50423,5.5028677
15981,29.315826,6.130472,14.73322,6.1745977
15982,29.400724,6.139069,14.755851,6.1869674
15983,24.927889,5.6860924,13.563499,5.5352635
15984,24.676706,5.6606555,13.49654,5.498666
15985,19.993374,5.186361,12.248076,4.8162913
15986,29.254099,6.124221,14.716764,6.165604
15987,20.08935,5.1960807,12.273663,4.830276
15988,24.664074,5.6593757,13.493175,5.4968257
15989,20.310484,5.2184753,12.332611,4.862496
15990,20.031422,5.1902137,12.258219,4.821835
15991,29.434204,6.14246,14.764777,6.1918454
15992,20.17579,5.2048345,12.296705,4.84287
15993,29.360632,6.135009,14.745165,6.1811266
15994,24.641527,5.6570926,13.487164,5.4935403
15995,20.042562,5.191342,12.261189,4.823459
15996,29.529324,6.152093,14.790134,6.205705
15997,24.716534,5.6646886,13.507158,5.504469
15998,20.10632,5.197799,12.278185,4.832748
15999,19.984367,5.1854486,12.245676,4.8149796
16000,15.581252,4.739533,11.071911,4.1734343
16001,29.410368,6.140046,14.758423,6.1883717
16002,29.417336,6.1407523,14.760281,6.189388
16003,29.395782,6.138569,14.754535,6.186248
16004,29.32494,6.1313944,14.735649,6.175925
16005,29.495668,6.1486845,14.781162,6.200801
16006,29.459892,6.1450615,14.7716255,6.195588
16007,24.760057,5.669096,13.518761,5.51081
16008,15.400822,4.72126,11.023811,4.147145
16009,29.451145,6.1441755,14.769293,6.1943135
16010,20.132393,5.20044,12.285135,4.8365474
16011,15.39524,4.720695,11.022324,4.1463313
16012,20.184452,5.205712,12.299013,4.844132
16013,24.809126,5.6740656,13.531842,5.517959
16014,19.91664,5.17859,12.227621,4.8051114
16015,24.932735,5.6865835,13.564793,5.5359693
16016,20.278866,5.215274,12.324182,4.857889
16017,20.288628,5.2162623,12.326784,4.859311
16018,29.334692,6.1323824,14.73825,6.1773467
16019,29.598263,6.159075,14.808511,6.2157493
16020,24.68991,5.661993,13.500061,5.50059
16021,24.966156,5.689968,13.573702,5.5408397
16022,29.421347,6.1411576,14.761349,6.1899724
16023,24.724697,5.6655154,13.509335,5.5056577
16024,24.739594,5.667024,13.513307,5.5078287
16025,15.521077,4.7334385,11.055868,4.164666
16026,20.15976,5.2032113,12.292431,4.8405347
16027,24.904926,5.683768,13.557379,5.531918
16028,20.0852,5.19566,12.272555,4.8296714
16029,29.311197,6.1300025,14.731985,6.173923
16030,15.377885,4.7189374,11.017696,4.143803
16031,24.824284,5.6756005,13.535883,5.520169
16032,15.501092,4.731415,11.050541,4.1617546
16033,15.496204,4.73092,11.049238,4.161042
16034,20.133125,5.200514,12.285332,4.836654
16035,20.284142,5.215807,12.325588,4.8586574
16036,24.728296,5.66588,13.510294,5.5061827
16037,29.527376,6.151896,14.789616,6.2054214
16038,24.630955,5.6560216,13.4843445,5.491999
16039,20.187344,5.2060046,12.299784,4.8445535
16040,24.860256,5.6792436,13.545471,5.525409
16041,20.15555,5.2027845,12.291309,4.8399215
16042,24.844242,5.677622,13.541203,5.5230756
16043,20.220966,5.2094097,12.308748,4.849453
16044,15.400523,4.72123,11.023733,4.1471014
16045,20.301687,5.2175846,12.330266,4.8612137
16046,15.482915,4.729574,11.045695,4.159106
16047,20.11224,5.1983986,12.279764,4.833611
16048,20.300812,5.2174964,12.330032,4.8610864
16049,15.422525,4.7234583,11.029596,4.150307
16050,29.503574,6.1494856,14.783271,6.201953
16051,29.32243,6.13114,14.734981,6.1755595
16052,24.959564,5.6893005,13.571944,5.5398784
16053,24.938087,5.6871257,13.566219,5.5367494
16054,20.224916,5.20981,12.309801,4.8500285
16055,24.847013,5.6779027,13.541941,5.52348
16056,15.501101,4.7314153,11.050544,4.1617556
16057,29.389803,6.1379633,14.752941,6.1853757
16058,20.258179,5.2131786,12.318667,4.854875
16059,20.185257,5.2057934,12.299229,4.8442497
16060,29.41335,6.140348,14.759217,6.188807
16061,15.382316,4.7193856,11.018878,4.1444488
16062,29.417768,6.1407957,14.760397,6.189451
16063,20.097944,5.196951,12.275952,4.8315287
16064,29.391499,6.1381354,14.753393,6.1856227
16065,24.900764,5.683346,13.556269,5.5313115
16066,29.38077,6.1370487,14.750534,6.1840596
16067,20.034225,5.1904984,12.258966,4.822244
16068,24.83559,5.676746,13.538897,5.5218153
16069,15.416942,4.7228928,11.028109,4.1494937
16070,29.407804,6.139787,14.757738,6.1879992
16071,20.252098,5.2125626,12.317046,4.853989
16072,15.406513,4.7218366,11.025329,4.147974
16073,20.186277,5.205897,12.2994995,4.8443985
16074,24.691147,5.662118,13.500392,5.5007696
16075,15.672051,4.7487288,11.096114,4.1866636
16076,15.4370575,4.72493,11.03347,4.152425
16077,20.045254,5.191615,12.261906,4.8238506
16078,20.09895,5.1970525,12.27622,4.8316746
16079,29.29055,6.1279116,14.726482,6.170914
16080,15.6126375,4.742711,11.080276,4.178007
16081,29.507683,6.1499004,14.784365,6.2025514
16082,24.734472,5.666505,13.51194,5.5070825
16083,15.587427,4.740158,11.073556,4.1743336
16084,24.7715,5.6702547,13.521811,5.5124774
16085,29.560638,6.1552644,14.798481,6.210267
16086,20.26453,5.213822,12.32036,4.8558006
16087,15.442148,4.7254457,11.034828,4.1531663
16088,20.105576,5.1977243,12.277987,4.83264
16089,24.76643,5.6697416,13.52046,5.5117383
16090,19.947178,5.1816826,12.235762,4.809561
16091,20.225632,5.209882,12.309991,4.850132
16092,20.068483,5.193968,12.268099,4.8272357
16093,24.914692,5.6847563,13.559981,5.533341
16094,20.213284,5.208632,12.3067,4.8483334
16095,15.349288,4.716041,11.010073,4.139636
16096,15.490812,4.730374,11.0478,4.160257
16097,29.405842,6.1395884,14.757217,6.1877127
16098,29.47966,6.1470633,14.7768955,6.1984687
16099,29.2952,6.1283836,14.727722,6.171592
16100,29.558207,6.155019,14.797834,6.209913
16101,15.454202,4.7266665,11.038041,4.1549225
16102,20.026268,5.1896925,12.256845,4.8210845
16103,20.173637,5.2046165,12.296131,4.8425574
16104,29.474407,6.1465316,14.775494,6.1977034
16105,15.49443,4.73074,11.048764,4.160784
16106,15.602966,4.741732,11.077698,4.176598
16107,29.461033,6.145178,14.771929,6.1957545
16108,29.441172,6.1431656,14.766634,6.1928606
16109,24.946299,5.687958,13.568409,5.537946
16110,20.240986,5.211437,12.314083,4.85237
16111,20.043453,5.191432,12.261427,4.823589
16112,24.93772,5.687089,13.566121,5.5366955
16113,24.91267,5.6845517,13.5594425,5.5330462
16114,29.46874,6.1459575,14.773985,6.1968775
16115,29.30986,6.1298676,14.731631,6.1737285
16116,29.476408,6.146734,14.776028,6.1979947
16117,15.626724,4.7441382,11.084031,4.1800594
16118,20.225628,5.209882,12.309989,4.8501315
16119,29.328306,6.131736,14.7365465,6.1764164
16120,20.035095,5.1905866,12.259199,4.822371
16121,24.849356,5.6781397,13.542566,5.5238204
16122,29.489937,6.148104,14.779634,6.199966
16123,20.184925,5.20576,12.29914,4.8442016
16124,29.627743,6.1620603,14.816369,6.2200446
16125,29.464174,6.1454954,14.772766,6.1962123
16126,29.366432,6.135597,14.746711,6.1819706
16127,15.537911,4.735143,11.060356,4.167119
16128,20.088604,5.1960053,12.273461,4.8301673
16129,29.477587,6.146854,14.776341,6.1981664
16130,29.45456,6.144521,14.770203,6.1948113
16131,20.23196,5.2105236,12.311678,4.851054
16132,29.37209,6.1361694,14.748217,6.1827946
16133,20.129688,5.2001657,12.284414,4.8361535
16134,29.334118,6.132324,14.738096,6.1772623
16135,29.373741,6.136337,14.748659,6.1830363
16136,24.827387,5.6759152,13.53671,5.5206203
16137,29.365225,6.135474,14.746389,6.1817946
16138,24.712555,5.6642857,13.506098,5.503888
16139,24.835527,5.676739,13.538879,5.5218062
16140,15.392778,4.7204456,11.0216675,4.145973
16141,20.315865,5.2190204,12.334045,4.86328
16142,29.447971,6.1438546,14.768447,6.193851
16143,29.463785,6.145457,14.772663,6.1961555
16144,20.125742,5.1997657,12.283362,4.8355784
16145,24.663448,5.6593122,13.493006,5.4967337
16146,24.656036,5.658562,13.491032,5.495654
16147,24.750294,5.668108,13.516158,5.5093875
16148,24.818165,5.674981,13.53425,5.519276
16149,15.397281,4.7209015,11.022867,4.146629
16150,15.673483,4.748873,11.096497,4.1868725
16151,29.468086,6.145891,14.773809,6.1967826
16152,15.359834,4.717109,11.012884,4.141173
16153,29.504143,6.1495433,14.783421,6.2020354
16154,20.173101,5.2045627,12.295988,4.8424783
16155,29.357714,6.1347136,14.744387,6.180701
16156,15.58335,4.7397456,11.07247,4.17374
16157,29.304909,6.129366,14.7303095,6.173006
16158,15.543723,4.7357326,11.061905,4.167966
16159,15.4122,4.722412,11.026845,4.1488028
16160,29.362755,6.135225,14.745729,6.181435
16161,15.443803,4.7256126,11.035269,4.153407
16162,24.774765,5.670586,13.522682,5.5129523
16163,24.683376,5.66133,13.49832,5.499637
16164,20.206308,5.2079253,12.30484,4.847317
16165,24.894268,5.682688,13.554539,5.5303645
16166,29.332047,6.1321144,14.737545,6.1769614
16167,29.343369,6.133261,14.740562,6.178611
16168,24.688717,5.661871,13.4997425,5.5004153
16169,29.554243,6.1546173,14.796776,6.209336
16170,24.86205,5.6794252,13.54595,5.5256705
16171,20.210484,5.2083483,12.305953,4.8479257
16172,20.05461,5.192562,12.2644005,4.825214
16173,29.413643,6.140378,14.759296,6.1888494
16174,24.781563,5.671274,13.524492,5.5139437
16175,24.69601,5.6626105,13.501688,5.5014787
16176,29.356548,6.134597,14.744078,6.180531
16177,29.598484,6.159098,14.80857,6.2157807
16178,20.100029,5.197162,12.276508,4.831832
16179,20.312607,5.218691,12.333178,4.862805
16180,15.366625,4.7177973,11.014696,4.1421623
16181,29.295933,6.128457,14.727917,6.1716986
16182,29.457422,6.1448116,14.770967,6.1952286
16183,20.227697,5.2100916,12.310542,4.850434
16184,29.417374,6.140756,14.760292,6.1893935
16185,20.2124,5.208543,12.306463,4.848205
16186,24.88676,5.6819277,13.552537,5.529271
16187,15.423074,4.723514,11.029743,4.1503873
16188,24.872362,5.6804695,13.548698,5.5271726
16189,15.374227,4.718567,11.016722,4.14327
16190,15.620439,4.7435017,11.0823555,4.1791434
16191,15.419483,4.7231503,11.028786,4.149864
16192,24.64009,5.656947,13.486781,5.493331
16193,15.4516115,4.7264037,11.037351,4.1545453
16194,20.200401,5.2073274,12.303265,4.8464565
16195,24.95449,5.688787,13.570593,5.5391393
16196,24.751972,5.6682773,13.516605,5.509632
16197,20.17374,5.204627,12.296158,4.842572
16198,15.513071,4.732628,11.053734,4.1635
16199,29.477123,6.1468067,14.7762165,6.1980987
16200,24.851036,5.67831,13.543014,5.5240655
16201,24.831749,5.676357,13.537872,5.5212564
16202,19.965813,5.18357,12.24073,4.8122764
16203,15.538526,4.735206,11.06052,4.1672087
16204,15.555555,4.7369304,11.065059,4.16969
16205,20.307293,5.2181525,12.33176,4.862031
16206,20.078762,5.1950083,12.27084,4.8287334
16207,24.687187,5.661716,13.499334,5.500192
16208,20.296566,5.217066,12.328899,4.860468
16209,29.380947,6.1370664,14.75058,6.1840854
16210,20.180038,5.205265,12.297837,4.84349
16211,24.952915,5.6886277,13.570172,5.5389104
16212,20.150475,5.202271,12.289955,4.8391814
16213,15.615317,4.742983,11.08099,4.1783967
16214,15.520278,4.733358,11.0556555,4.1645503
16215,15.369184,4.718056,11.015378,4.142535
16216,29.413517,6.1403656,14.759261,6.188831
16217,15.574089,4.738807,11.07,4.1723905
16218,24.741848,5.6672525,13.5139065,5.5081573
16219,29.484793,6.147584,14.778263,6.1992164
16220,29.281708,6.1270165,14.724125,6.1696258
16221,24.827188,5.6758943,13.536656,5.5205913
16222,15.565116,4.737899,11.067608,4.171083
16223,29.53787,6.152959,14.792412,6.206949
16224,20.22488,5.209806,12.30979,4.850023
16225,20.143002,5.2015142,12.287963,4.8380933
16226,24.712303,5.6642604,13.506031,5.5038524
16227,20.073612,5.1944866,12.269466,4.8279824
16228,24.891415,5.6823997,13.553778,5.529949
16229,24.90639,5.683916,13.55777,5.5321307
16230,15.410132,4.7222033,11.026294,4.1485014
16231,15.445941,4.7258296,11.035839,4.153719
16232,15.657106,4.747215,11.092131,4.1844864
16233,29.432365,6.142274,14.764285,6.191578
16234,29.420225,6.1410446,14.76105,6.189809
16235,24.762901,5.6693845,13.51952,5.5112243
16236,24.950878,5.6884217,13.56963,5.5386133
16237,29.497498,6.1488705,14.781651,6.2010674
16238,24.795507,5.672687,13.528212,5.515975
16239,20.072285,5.194352,12.269112,4.8277893
16240,15.55683,4.7370596,11.065399,4.169876
16241,15.427592,4.7239714,11.030949,4.1510453
16242,15.326479,4.7137313,11.003993,4.136313
16243,24.763767,5.669472,13.51975,5.5113506
16244,15.351593,4.7162747,11.010688,4.139972
16245,20.12672,5.1998653,12.283625,4.835721
16246,15.660218,4.7475295,11.092959,4.18494
16247,20.080746,5.1952095,12.271368,4.829023
16248,29.303513,6.1292253,14.729937,6.172804
16249,29.45489,6.144555,14.770291,6.194859
16250,24.856613,5.678875,13.5445,5.5248785
16251,15.522065,4.7335386,11.056131,4.16481
16252,15.551232,4.7364926,11.063908,4.16906
16253,15.528539,4.7341943,11.057858,4.1657534
16254,15.617901,4.7432446,11.081679,4.178774
16255,24.759819,5.669072,13.518698,5.5107756
16256,20.19735,5.207018,12.302452,4.8460116
16257,24.880774,5.6813216,13.550941,5.528399
16258,29.587788,6.1580143,14.80572,6.214223
16259,15.458661,4.727118,11.03923,4.1555724
16260,20.177563,5.205014,12.297177,4.843129
16261,20.12287,5.1994753,12.282597,4.83516
16262,20.008099,5.187852,12.252002,4.8184376
16263,24.837914,5.676981,13.5395155,5.5221543
16264,20.228182,5.21014,12.310671,4.8505044
16265,20.148281,5.2020493,12.2893715,4.8388624
16266,24.668812,5.6598554,13.494436,5.497515
16267,15.492034,4.7304974,11.048126,4.1604347
16268,15.575901,4.738991,11.070484,4.172654
16269,15.570239,4.7384176,11.068974,4.171829
16270,20.196379,5.20692,12.302193,4.8458705
16271,20.050339,5.1921296,12.263262,4.824592
16272,15.523346,4.7336683,11.056474,4.164997
16273,24.836311,5.676819,13.539089,5.5219207
16274,29.502403,6.1493673,14.782957,6.201782
16275,29.34211,6.1331334,14.740227,6.178427
16276,29.539497,6.153123,14.792845,6.2071867
16277,15.589163,4.740334,11.0740185,4.174587
16278,20.073202,5.1944456,12.269356,4.827923
16279,15.643379,4.745825,11.088472,4.182486
16280,29.486088,6.1477146,14.778606,6.199405
16281,29.367037,6.135658,14.746873,6.182059
16282,15.327772,4.7138624,11.004338,4.1365013
16283,20.194881,5.206768,12.301794,4.845652
16284,24.93118,5.686426,13.564378,5.535743
16285,15.664985,4.7480125,11.094231,4.185634
16286,29.354025,6.1343403,14.7434025,6.180163
16287,20.063051,5.1934175,12.266651,4.826444
16288,15.37875,4.719025,11.017927,4.143929
16289,29.235565,6.1223435,14.711824,6.162904
16290,24.861546,5.6793747,13.5458145,5.525597
16291,20.011578,5.188205,12.25293,4.818945
16292,24.772598,5.6703663,13.522103,5.512637
16293,29.348188,6.133749,14.741848,6.179313
16294,20.035315,5.1906085,12.259256,4.8224034
16295,20.230862,5.210412,12.311384,4.8508945
16296,20.29066,5.216468,12.327326,4.859607
16297,24.734377,5.6664953,13.511914,5.507068
16298,24.860027,5.6792207,13.54541,5.525376
16299,20.104633,5.1976285,12.277736,4.832502
16300,20.086643,5.1958065,12.27294,4.829881
16301,29.4393,6.1429763,14.766136,6.1925883
16302,15.648288,4.7463217,11.089781,4.183202
16303,29.410187,6.140028,14.758374,6.1883464
16304,20.094578,5.1966105,12.275056,4.831038
16305,29.401136,6.139111,14.75596,6.1870275
16306,15.573134,4.738711,11.069745,4.172251
16307,24.94905,5.6882358,13.569141,5.538347
16308,29.475193,6.146611,14.775703,6.1978173
16309,29.59953,6.1592026,14.808848,6.2159333
16310,24.679941,5.6609826,13.497404,5.499137
16311,15.595073,4.7409325,11.075594,4.175448
16312,24.742447,5.6673126,13.514065,5.508244
16313,19.999678,5.187,12.249757,4.817211
16314,29.364668,6.1354175,14.746241,6.181714
16315,24.780975,5.6712146,13.524337,5.5138583
16316,29.436842,6.1427274,14.76548,6.1922293
16317,29.542711,6.1534495,14.793703,6.2076554
16318,20.038076,5.190888,12.259993,4.8228054
16319,24.871895,5.6804223,13.548574,5.5271053
16320,24.736761,5.6667366,13.51255,5.507416
16321,20.073166,5.194442,12.269347,4.827918
16322,15.425952,4.723805,11.03051,4.1508064
16323,20.13501,5.2007046,12.285832,4.836929
16324,29.317057,6.1305966,14.733547,6.1747766
16325,20.238956,5.211231,12.313543,4.8520737
16326,24.877775,5.681018,13.550141,5.527962
16327,29.386255,6.137604,14.751994,6.184859
16328,20.200153,5.207302,12.3032,4.8464203
16329,29.450777,6.144138,14.769195,6.1942606
16330,29.39468,6.138458,14.754241,6.186086
16331,24.747738,5.6678486,13.515476,5.5090146
16332,20.176617,5.2049184,12.296925,4.8429914
16333,15.359756,4.717102,11.012864,4.141162
16334,15.542405,4.735599,11.061554,4.167774
16335,24.719248,5.6649632,13.507882,5.5048637
16336,20.122944,5.199483,12.282617,4.8351703
16337,24.692163,5.662221,13.500662,5.500918
16338,29.296696,6.128534,14.728121,6.17181
16339,24.89948,5.683216,13.555927,5.5311246
16340,15.44111,4.7253404,11.034551,4.153015
16341,24.90447,5.6837215,13.557259,5.5318522
16342,15.43917,4.7251434,11.034034,4.152732
16343,24.942467,5.6875696,13.567386,5.5373874
16344,29.26715,6.1255417,14.720244,6.1675053
16345,15.449612,4.726201,11.036818,4.154254
16346,24.717379,5.664774,13.507383,5.504591
16347,20.13536,5.20074,12.285927,4.83698
16348,15.576648,4.7390666,11.070682,4.1727633
16349,29.371601,6.1361203,14.748089,6.1827235
16350,19.963436,5.183329,12.240095,4.81193
16351,29.306894,6.129567,14.730839,6.173296
16352,15.387018,4.719862,11.020132,4.145134
16353,24.829752,5.6761546,13.537339,5.5209646
16354,15.590011,4.74042,11.0742445,4.1747103
16355,24.74569,5.667641,13.514931,5.5087166
16356,29.42647,6.141677,14.762715,6.190718
16357,20.111427,5.1983166,12.279547,4.8334928
16358,24.759403,5.66903,13.518587,5.5107145
16359,20.139105,5.2011194,12.286924,4.837526
16360,20.250938,5.2124453,12.316736,4.85382
16361,20.089949,5.1961412,12.273821,4.8303633
16362,29.553516,6.154544,14.796582,6.209229
16363,29.527634,6.1519217,14.789682,6.205459
16364,29.534328,6.152601,14.791468,6.2064342
16365,24.83354,5.676538,13.538349,5.5215163
16366,24.940742,5.687395,13.566927,5.5371366
16367,29.494522,6.1485686,14.780856,6.2006345
16368,20.09152,5.1963,12.2742405,4.8305926
16369,24.68193,5.661185,13.497935,5.499427
16370,29.369919,6.1359496,14.74764,6.1824794
16371,24.826767,5.675852,13.536543,5.5205293
16372,15.569409,4.7383337,11.068753,4.171709
16373,29.431225,6.1421585,14.763983,6.1914115
16374,15.423073,4.7235136,11.029743,4.1503873
16375,29.578161,6.1570396,14.803153,6.2128205
16376,29.54018,6.1531935,14.793027,6.2072864
16377,24.941196,5.6874404,13.567049,5.5372024
16378,15.520162,4.733346,11.055624,4.164533
16379,24.740934,5.66716,13.513662,5.5080237
16380,24.670341,5.6600103,13.494844,5.4977384
16381,15.524205,4.7337556,11.056703,4.165122
16382,15.396787,4.7208514,11.022736,4.146557
16383,15.501229,4.7314286,11.050577,4.1617746
16384,20.260101,5.213373,12.31918,4.8551545
16385,24.76158,5.669251,13.519168,5.511033
16386,24.856766,5.6788898,13.544541,5.5249004
16387,20.177765,5.205035,12.297232,4.8431582
16388,20.214655,5.2087708,12.307064,4.848532
16389,29.58176,6.157404,14.8041115,6.213345
16390,29.406227,6.1396275,14.75732,6.18777
16391,29.327774,6.1316824,14.736406,6.176338
16392,15.468928,4.7281575,11.041966,4.1570683
16393,29.423635,6.141391,14.761961,6.190305
16394,20.102577,5.19742,12.277187,4.8322024
16395,24.83252,5.6764345,13.538077,5.5213675
16396,15.657652,4.74727,11.092276,4.184566
16397,15.66384,4.747897,11.093925,4.1854677
16398,29.305084,6.129384,14.730357,6.1730328
16399,20.068226,5.1939416,12.268031,4.827198
16400,24.886257,5.681877,13.5524025,5.529197
16401,15.666501,4.748166,11.094635,4.1858554
16402,15.591225,4.7405424,11.074569,4.174887
16403,29.355827,6.134523,14.743883,6.180426
16404,24.732712,5.6663265,13.511472,5.506826
16405,29.309494,6.1298304,14.731531,6.173675
16406,15.534955,4.734844,11.059568,4.1666884
16407,15.478805,4.7291574,11.0446,4.1585073
16408,24.799683,5.6731095,13.529324,5.5165834
16409,29.394176,6.1384063,14.7541065,6.186013
16410,15.562701,4.737654,11.066965,4.1707315
16411,15.375676,4.7187138,11.017108,4.1434813
16412,29.587627,6.157998,14.8056755,6.2141995
16413,24.76461,5.6695576,13.519976,5.511474
16414,24.715647,5.6645985,13.506922,5.5043387
16415,24.791012,5.672231,13.527012,5.5153203
16416,15.350041,4.7161174,11.010275,4.1397457
16417,15.488768,4.7301664,11.047255,4.159959
16418,20.030666,5.190138,12.258018,4.8217263
16419,24.774368,5.670546,13.522575,5.512895
16420,20.123503,5.199539,12.282765,4.8352523
16421,29.437038,6.142747,14.765534,6.1922593
16422,29.495575,6.148676,14.781137,6.2007875
16423,29.490236,6.148134,14.779714,6.2000093
16424,29.302052,6.1290765,14.7295475,6.1725907
16425,24.932255,5.6865354,13.564664,5.5358996
16426,29.35555,6.134495,14.74381,6.180386
16427,29.564146,6.15562,14.799416,6.210778
16428,29.35687,6.1346283,14.744162,6.1805778
16429,29.406176,6.1396217,14.757306,6.187762
16430,20.091286,5.1962767,12.2741785,4.8305583
16431,20.259567,5.2133193,12.3190365,4.8550773
16432,15.572594,4.738656,11.069602,4.1721725
16433,20.031477,5.19022,12.258234,4.8218436
16434,29.397203,6.1387134,14.754914,6.186455
16435,15.318374,4.71291,11.001833,4.1351323
16436,24.709276,5.6639533,13.505224,5.503411
16437,29.569048,6.1561165,14.800723,6.211493
16438,24.80055,5.6731973,13.529555,5.5167103
16439,20.11095,5.1982684,12.27942,4.833423
16440,24.813965,5.674556,13.533131,5.5186644
16441,15.430425,4.7242584,11.031703,4.1514583
16442,20.248796,5.2122283,12.316166,4.8535075
16443,29.30529,6.1294055,14.730412,6.173062
16444,20.066864,5.1938033,12.267668,4.826999
16445,29.244942,6.123293,14.714323,6.1642694
16446,15.618911,4.743346,11.081948,4.178921
16447,24.729904,5.6660423,13.510723,5.5064163
16448,20.132627,5.2004633,12.285198,4.8365817
16449,15.633503,4.7448244,11.085839,4.1810474
16450,29.385654,6.137543,14.751835,6.184772
16451,20.233887,5.210718,12.312191,4.851335
16452,15.612534,4.742701,11.080249,4.177992
16453,20.200243,5.207311,12.303223,4.846433
16454,20.254917,5.2128477,12.317799,4.8544
16455,20.10151,5.197312,12.276903,4.832047
16456,20.301586,5.217574,12.330238,4.8611994
16457,29.39951,6.138947,14.755529,6.1867905
16458,15.458601,4.7271113,11.039213,4.1555634
16459,29.355858,6.134526,14.743891,6.18043
16460,20.170002,5.204248,12.29516,4.8420267
16461,29.500357,6.1491594,14.782412,6.201484
16462,20.221424,5.209456,12.308868,4.8495193
16463,15.669463,4.748466,11.095425,4.1862864
16464,24.875011,5.6807375,13.549404,5.527559
16465,20.1399,5.2012,12.287137,4.8376412
16466,24.83142,5.6763234,13.537785,5.5212083
16467,20.212433,5.2085457,12.306472,4.8482094
16468,20.275005,5.2148824,12.3231535,4.857326
16469,20.317833,5.21922,12.33457,4.863567
16470,24.824024,5.675575,13.535812,5.52013
16471,24.923306,5.685629,13.562279,5.534596
16472,29.403072,6.1393075,14.756477,6.1873093
16473,29.582157,6.1574445,14.804218,6.2134027
16474,15.572986,4.7386956,11.069707,4.17223
16475,29.443398,6.1433907,14.767228,6.1931844
16476,29.410072,6.140016,14.758344,6.188329
16477,20.197508,5.207034,12.302494,4.846035
16478,29.500431,6.1491675,14.782432,6.2014947
16479,15.639705,4.7454524,11.087492,4.1819506
16480,24.795414,5.672677,13.528186,5.5159616
16481,20.167782,5.2040234,12.294569,4.8417034
16482,24.791313,5.6722617,13.527094,5.5153646
16483,24.88679,5.681931,13.552544,5.5292754
16484,20.175919,5.2048473,12.296739,4.8428893
16485,24.874565,5.680693,13.549286,5.527495
16486,29.44436,6.1434894,14.767485,6.193325
16487,24.89814,5.6830797,13.55557,5.530929
16488,29.565006,6.155707,14.799646,6.2109036
16489,20.122852,5.199474,12.282592,4.835158
16490,24.937897,5.6871066,13.56617,5.536722
16491,24.891298,5.6823874,13.553747,5.5299325
16492,24.95817,5.68916,13.571572,5.5396757
16493,29.568432,6.1560545,14.800559,6.211403
16494,15.534243,4.734772,11.059378,4.1665845
16495,20.1786,5.205119,12.297455,4.8432803
16496,20.119015,5.199085,12.28157,4.834598
16497,15.483127,4.7295957,11.045752,4.159137
16498,29.410995,6.14011,14.758591,6.1884637
16499,15.563739,4.737759,11.067241,4.1708827
16500,29.311972,6.130081,14.732192,6.174035
16501,24.783682,5.6714883,13.525058,5.514252
16502,24.850697,5.678275,13.542921,5.5240164
16503,29.377228,6.1366897,14.749589,6.183544
16504,20.071022,5.1942244,12.268776,4.8276057
16505,15.328763,4.713963,11.004602,4.136646
16506,29.405012,6.139504,14.756996,6.187592
16507,15.510537,4.7323713,11.053059,4.1631308
16508,20.264023,5.21377,12.320225,4.855726
16509,24.960114,5.6893563,13.57209,5.539959
16510,15.389586,4.7201223,11.020816,4.145508
16511,20.078068,5.1949377,12.270655,4.828632
16512,29.274042,6.1262403,14.722082,6.168509
16513,20.191532,5.206429,12.3009,4.845164
16514,15.497542,4.7310553,11.049594,4.1612372
16515,24.71865,5.6649027,13.507722,5.504777
16516,20.218739,5.209184,12.308153,4.8491282
16517,20.086588,5.195801,12.272924,4.8298736
16518,15.62613,4.7440777,11.083874,4.179973
16519,24.649391,5.657889,13.48926,5.4946856
16520,29.323082,6.1312075,14.735155,6.175655
16521,24.796246,5.6727614,13.528407,5.516083
16522,15.540086,4.735364,11.060936,4.167436
16523,20.101433,5.197304,12.276882,4.8320365
16524,29.48241,6.1473427,14.777628,6.198869
16525,15.50072,4.731377,11.050442,4.1617002
16526,15.4238615,4.7235937,11.029953,4.1505017
16527,29.431858,6.142223,14.7641535,6.1915035
16528,24.684856,5.66148,13.4987135,5.499853
16529,24.69617,5.662626,13.501729,5.5015016
16530,29.468292,6.145913,14.773865,6.196812
16531,29.324688,6.1313686,14.735582,6.1758885
16532,15.699864,4.751545,11.103529,4.1907163
16533,15.6497135,4.7464657,11.090159,4.183409
16534,20.084585,5.195598,12.272391,4.8295813
16535,24.773361,5.670444,13.522306,5.5127482
16536,15.573165,4.7387137,11.069754,4.172256
16537,20.0165,5.188703,12.254241,4.819661
16538,24.713474,5.6643786,13.506343,5.504023
16539,29.285471,6.1273975,14.725128,6.170174
16540,15.590951,4.7405148,11.074495,4.1748476
16541,15.6386,4.7453403,11.087197,4.18179
16542,24.636257,5.656559,13.485759,5.492772
16543,29.538631,6.153036,14.792616,6.2070603
16544,20.222878,5.209603,12.309256,4.849731
16545,15.437293,4.7249537,11.033533,4.152459
16546,19.978947,5.1849,12.244231,4.81419
16547,15.561955,4.737579,11.066766,4.170623
16548,24.712563,5.6642866,13.5061,5.5038896
16549,15.321944,4.713272,11.002784,4.135652
16550,24.648125,5.657761,13.488922,5.4945016
16551,29.267885,6.125617,14.720441,6.167612
16552,24.958643,5.6892076,13.571699,5.539745
16553,29.34912,6.1338434,14.742096,6.1794486
16554,20.069363,5.194056,12.268333,4.8273644
16555,29.422935,6.1413193,14.761773,6.1902037
16556,24.711164,5.664145,13.505728,5.503686
16557,29.421,6.141124,14.761258,6.189922
16558,29.29169,6.128028,14.726788,6.171081
16559,20.17673,5.2049294,12.296955,4.843007
16560,15.489985,4.73029,11.047581,4.160136
16561,29.391277,6.138113,14.753334,6.1855917
16562,15.674451,4.7489715,11.096754,4.1870136
16563,15.530057,4.734348,11.058262,4.1659746
16564,20.09809,5.1969657,12.275991,4.831549
16565,20.157312,5.2029634,12.291779,4.8401785
16566,20.18348,5.205613,12.298755,4.843991
16567,15.551009,4.73647,11.063848,4.1690273
16568,24.738035,5.6668663,13.51289,5.5076013
16569,29.466446,6.1457257,14.773373,6.196543
16570,29.439419,6.142988,14.766167,6.192606
16571,29.47403,6.1464934,14.775393,6.1976476
16572,24.918232,5.6851153,13.560926,5.5338564
16573,29.435707,6.1426134,14.765179,6.192065
16574,15.482049,4.7294865,11.045465,4.15898
16575,15.661996,4.74771,11.093434,4.185199
16576,24.893261,5.682586,13.554269,5.530218
16577,20.086718,5.195814,12.27296,4.8298926
16578,20.168606,5.2041073,12.294789,4.841823
16579,24.923515,5.68565,13.562334,5.534626
16580,20.261688,5.2135334,12.319603,4.8553863
16581,24.633575,5.656287,13.4850445,5.4923825
16582,24.738243,5.666887,13.512945,5.5076313
16583,15.413291,4.7225223,11.027136,4.148962
16584,15.670848,4.7486067,11.095794,4.1864886
16585,20.122826,5.199471,12.282586,4.835154
16586,15.420759,4.7232795,11.029126,4.1500497
16587,24.73301,5.666357,13.511551,5.5068693
16588,15.603094,4.7417445,11.077732,4.1766167
16589,24.845676,5.677767,13.541584,5.5232854
16590,20.138111,5.201019,12.286659,4.8373804
16591,24.658257,5.6587863,13.491623,5.495977
16592,29.378075,6.136776,14.749813,6.1836667
16593,29.549473,6.1541343,14.7955065,6.208641
16594,24.953045,5.68864,13.570206,5.5389285
16595,15.46512,4.7277718,11.040953,4.1565137
16596,29.49783,6.148904,14.781738,6.201116
16597,20.062796,5.1933913,12.2665825,4.826407
16598,24.784512,5.6715727,13.52528,5.5143733
16599,29.52118,6.1512685,14.787963,6.204518
16600,15.625903,4.744055,11.083813,4.1799397
16601,20.218502,5.209161,12.30809,4.849094
16602,15.502332,4.7315407,11.050871,4.1619353
16603,24.68333,5.6613255,13.498306,5.4996305
16604,20.137716,5.2009788,12.286554,4.837323
16605,24.867306,5.679958,13.54735,5.5264363
16606,15.448319,4.7260704,11.036472,4.1540656
16607,29.329294,6.131836,14.736811,6.1765594
16608,15.429485,4.724163,11.031453,4.1513214
16609,20.214981,5.2088037,12.307152,4.8485804
16610,15.519109,4.733239,11.055344,4.1643796
16611,24.876713,5.6809106,13.549858,5.527807
16612,15.581438,4.739552,11.071959,4.1734614
16613,24.833559,5.67654,13.538355,5.5215197
16614,15.513345,4.7326555,11.053807,4.16354
16615,20.081095,5.195245,12.2714615,4.829073
16616,24.666304,5.659601,13.493769,5.49715
16617,29.442104,6.14326,14.766882,6.1929965
16618,24.674747,5.6604567,13.496019,5.49838
16619,15.541533,4.7355103,11.061322,4.167647
16620,15.592601,4.740682,11.074935,4.1750875
16621,20.193186,5.206597,12.301342,4.845405
16622,24.94888,5.688219,13.569097,5.538322
16623,24.884369,5.6816854,13.551901,5.5289226
16624,15.659568,4.7474637,11.092787,4.184845
16625,24.893555,5.682616,13.554348,5.5302606
16626,15.654226,4.7469234,11.091363,4.184067
16627,20.055431,5.1926455,12.26462,4.825334
16628,29.404457,6.139448,14.756847,6.1875114
16629,24.882057,5.681451,13.551283,5.528586
16630,24.816853,5.674848,13.533901,5.5190854
16631,24.83211,5.6763935,13.537969,5.5213084
16632,20.048502,5.191944,12.262773,4.824324
16633,29.393456,6.138334,14.753914,6.1859083
16634,24.764713,5.6695676,13.520002,5.5114884
16635,29.369516,6.135909,14.747532,6.1824207
16636,15.6335945,4.744834,11.085863,4.181061
16637,15.354602,4.7165794,11.01149,4.1404104
16638,20.296246,5.2170334,12.3288145,4.860421
16639,29.339659,6.132886,14.7395735,6.17807
16640,24.644634,5.6574073,13.487991,5.4939923
16641,20.203856,5.207677,12.304186,4.8469596
16642,15.417706,4.72297,11.028312,4.149605
16643,20.192276,5.206504,12.301098,4.8452725
16644,24.7454,5.6676116,13.5148535,5.508674
16645,20.040081,5.191091,12.260529,4.8230977
16646,24.777939,5.6709075,13.523527,5.513416
16647,29.42048,6.1410704,14.76112,6.1898465
16648,24.670013,5.6599774,13.494758,5.4976907
16649,24.708424,5.663868,13.504997,5.503287
16650,24.903265,5.6835995,13.556937,5.531676
16651,24.78715,5.67184,13.525983,5.5147576
16652,15.647836,4.746276,11.08966,4.183136
16653,19.969957,5.1839895,12.241835,4.81288
16654,15.388837,4.7200465,11.020617,4.1453986
16655,20.287613,5.2161593,12.326514,4.8591633
16656,20.122076,5.1993947,12.282385,4.835044
16657,29.422829,6.1413083,14.7617445,6.190188
16658,24.855074,5.678719,13.54409,5.5246544
16659,29.422401,6.1412654,14.761631,6.190126
16660,29.489244,6.1480346,14.779449,6.199865
16661,20.174515,5.204705,12.296363,4.8426843
16662,20.077213,5.194851,12.270426,4.8285074
16663,15.392539,4.7204213,11.021603,4.1459384
16664,20.231697,5.210496,12.311607,4.851016
16665,15.544908,4.7358522,11.062222,4.1681385
16666,24.828484,5.6760263,13.537003,5.5207796
16667,24.609123,5.653811,13.478525,5.4888186
16668,24.76629,5.6697273,13.520423,5.5117188
16669,29.411999,6.1402116,14.758858,6.18861
16670,29.552757,6.1544666,14.796381,6.2091184
16671,15.468554,4.7281194,11.041866,4.157014
16672,20.075869,5.1947155,12.270067,4.8283114
16673,15.657403,4.747245,11.092209,4.1845293
16674,24.91159,5.684443,13.559155,5.532889
16675,20.139008,5.2011094,12.2869,4.8375115
16676,29.454628,6.144528,14.77022,6.194821
16677,20.288872,5.2162867,12.326849,4.859347
16678,20.165134,5.203756,12.293864,4.8413177
16679,20.261435,5.2135077,12.319534,4.8553486
16680,15.437871,4.7250123,11.033688,4.152543
16681,24.87057,5.680288,13.548222,5.5269117
16682,20.185848,5.205853,12.299385,4.8443356
16683,29.446629,6.143719,14.768089,6.193656
16684,24.8922,5.6824794,13.5539875,5.530063
16685,20.120096,5.1991944,12.2818575,4.8347554
16686,20.299562,5.21737,12.329699,4.860904
16687,15.535008,4.73485,11.059583,4.1666965
16688,24.618843,5.654795,13.481116,5.490235
16689,24.88146,5.6813917,13.551125,5.528498
16690,20.29359,5.2167645,12.328108,4.8600345
16691,29.40153,6.1391506,14.756067,6.1870847
16692,29.465328,6.1456122,14.773074,6.19638
16693,24.97675,5.6910415,13.576527,5.5423827
16694,29.546196,6.1538024,14.794632,6.208163
16695,24.705746,5.6635966,13.504282,5.5028973
16696,20.12769,5.1999636,12.283882,4.8358617
16697,29.483124,6.147415,14.777819,6.1989737
16698,20.018318,5.1888866,12.254726,4.8199263
16699,15.612327,4.74268,11.0801935,4.177962
16700,15.358848,4.7170095,11.012621,4.141029
16701,24.671104,5.660088,13.4950485,5.4978495
16702,24.880856,5.6813297,13.550962,5.528411
16703,24.724714,5.6655173,13.509338,5.5056605
16704,29.348999,6.1338315,14.742062,6.179431
16705,20.082598,5.195397,12.271862,4.829292
16706,15.363514,4.7174816,11.013865,4.141709
16707,24.861086,5.679328,13.545693,5.52553
16708,15.535016,4.7348504,11.059584,4.166697
16709,20.20437,5.207729,12.304323,4.8470345
16710,15.532226,4.7345676,11.05884,4.1662908
16711,29.515656,6.1507087,14.7864895,6.2037125
16712,15.482552,4.729537,11.045599,4.159053
16713,19.956022,5.182578,12.23812,4.8108497
16714,15.425548,4.7237644,11.030402,4.1507473
16715,15.624685,4.743932,11.0834875,4.1797624
16716,29.404243,6.139426,14.75679,6.1874804
16717,15.54411,4.7357717,11.062008,4.168022
16718,20.198347,5.207119,12.302717,4.846157
16719,15.641137,4.7455974,11.087873,4.182159
16720,29.421291,6.1411524,14.761335,6.189964
16721,20.29356,5.216761,12.328099,4.8600297
16722,15.664923,4.7480063,11.0942135,4.185625
16723,20.18171,5.2054343,12.298283,4.8437333
16724,15.528214,4.734162,11.057771,4.165706
16725,15.444164,4.7256494,11.035365,4.15346
16726,29.406252,6.13963,14.757324,6.1877723
16727,15.465485,4.727809,11.041049,4.1565666
16728,29.364868,6.135438,14.746294,6.181743
16729,20.049921,5.192088,12.263151,4.824531
16730,24.74422,5.667493,13.514539,5.508503
16731,20.30286,5.2177033,12.330578,4.861385
16732,24.746258,5.667698,13.515081,5.5088
16733,20.083555,5.195494,12.272116,4.8294315
16734,29.468056,6.145889,14.773801,6.196778
16735,20.124002,5.19959,12.2829,4.835325
16736,15.459897,4.727243,11.039558,4.155752
16737,29.567616,6.1559715,14.800343,6.211284
16738,20.202618,5.207551,12.303856,4.8467793
16739,24.693645,5.6623707,13.501057,5.501134
16740,15.406838,4.7218695,11.025414,4.1480217
16741,29.389694,6.137953,14.752911,6.1853604
16742,15.597152,4.741143,11.076147,4.1757507
16743,29.549183,6.1541047,14.795427,6.2085977
16744,15.418334,4.723034,11.028481,4.149697
16745,24.826202,5.675795,13.536394,5.5204473
16746,15.621239,4.7435827,11.082569,4.1792603
16747,24.787338,5.671859,13.526033,5.514785
16748,15.326618,4.7137456,11.00403,4.1363335
16749,20.111542,5.198328,12.279577,4.8335094
16750,29.31115,6.129998,14.731974,6.173916
16751,15.6528425,4.7467833,11.090994,4.183865
16752,29.377842,6.136753,14.749752,6.183634
16753,29.480896,6.147188,14.777224,6.1986485
16754,15.469697,4.7282352,11.0421715,4.15718
16755,29.326946,6.1315975,14.736184,6.1762176
16756,15.455541,4.726802,11.038399,4.155118
16757,20.111485,5.1983223,12.279562,4.833501
16758,24.723156,5.665359,13.508924,5.5054336
16759,19.992182,5.1862407,12.247759,4.8161182
16760,29.498919,6.1490145,14.782028,6.2012744
16761,20.109295,5.1981006,12.278978,4.833182
16762,29.451263,6.144188,14.769324,6.194331
16763,20.09267,5.1964173,12.274547,4.8307595
16764,29.387577,6.137738,14.752349,6.1850514
16765,20.251415,5.2124934,12.316865,4.85389
16766,29.586823,6.1579165,14.805461,6.2140822
16767,24.709312,5.663957,13.505234,5.503416
16768,15.586425,4.740057,11.073289,4.1741877
16769,29.449547,6.144014,14.7688675,6.194081
16770,20.16058,5.2032943,12.292648,4.840654
16771,15.395078,4.720679,11.022281,4.1463084
16772,24.640747,5.657014,13.486956,5.4934263
16773,24.929173,5.686223,13.563843,5.5354505
16774,24.71605,5.66464,13.50703,5.504398
16775,15.52405,4.73374,11.056661,4.1650996
16776,20.287443,5.216142,12.3264675,4.8591385
16777,20.104418,5.197607,12.2776785,4.8324714
16778,29.478937,6.146991,14.776701,6.198364
16779,24.747406,5.667815,13.5153885,5.508967
16780,29.352839,6.1342206,14.743088,6.1799903
16781,24.70002,5.6630163,13.502756,5.5020623
16782,29.348423,6.1337743,14.74191,6.1793466
16783,20.089504,5.1960964,12.273702,4.830298
16784,15.520431,4.7333736,11.055696,4.1645722
16785,29.485157,6.14762,14.77836,6.1992693
16786,29.58401,6.157631,14.804712,6.213673
16787,29.286142,6.1274652,14.725307,6.1702724
16788,15.523433,4.733678,11.056497,4.1650095
16789,20.109093,5.19808,12.278925,4.833153
16790,24.706184,5.66364,13.5044,5.5029607
16791,20.211239,5.2084246,12.306154,4.848036
16792,15.493762,4.7306724,11.048587,4.160686
16793,15.480763,4.7293563,11.045122,4.158793
16794,20.005672,5.1876063,12.251356,4.818084
16795,20.25926,5.2132874,12.318955,4.8550324
16796,29.337196,6.132636,14.738916,6.177711
16797,29.556633,6.1548586,14.797413,6.209684
16798,24.795296,5.6726646,13.528154,5.515944
16799,29.292816,6.1281414,14.727085,6.171244
16800,24.869661,5.6801963,13.547978,5.5267797
16801,20.250341,5.2123847,12.316578,4.853733
16802,15.533828,4.7347302,11.059267,4.1665244
16803,15.530103,4.734353,11.058274,4.165982
16804,20.155968,5.202827,12.29142,4.8399825
16805,29.37928,6.136898,14.750135,6.1838427
16806,15.631584,4.7446303,11.085327,4.1807675
16807,24.70728,5.663751,13.504692,5.5031195
16808,29.378532,6.136822,14.749937,6.1837344
16809,24.831017,5.676283,13.537678,5.521149
16810,15.554275,4.7368007,11.064718,4.169503
16811,15.519473,4.7332764,11.055441,4.1644325
16812,15.465709,4.7278314,11.041108,4.156599
16813,29.483124,6.147414,14.777817,6.198973
16814,24.967464,5.6901016,13.574051,5.5410304
16815,20.156763,5.2029076,12.291632,4.8400984
16816,20.150291,5.2022524,12.289907,4.839155
16817,15.594903,4.7409153,11.075548,4.175423
16818,24.79245,5.6723766,13.527395,5.5155296
16819,24.695612,5.6625695,13.501581,5.5014205
16820,15.589513,4.7403693,11.074111,4.174638
16821,20.085335,5.195674,12.272591,4.8296914
16822,29.570463,6.1562605,14.801101,6.211699
16823,20.256107,5.212969,12.318115,4.854573
16824,29.460848,6.1451583,14.77188,6.195728
16825,29.49047,6.148159,14.779778,6.200043
16826,15.594472,4.7408714,11.075434,4.17536
16827,15.675288,4.7490563,11.096977,4.1871357
16828,20.290043,5.2164054,12.327162,4.8595176
16829,15.614343,4.742884,11.080731,4.178256
16830,29.313843,6.1302705,14.732693,6.1743093
16831,29.31239,6.130123,14.732304,6.1740966
16832,29.458199,6.144891,14.7711735,6.195342
16833,15.430591,4.724275,11.031747,4.151482
16834,29.377085,6.1366754,14.74955,6.1835227
16835,15.669766,4.748497,11.095506,4.186331
16836,15.351143,4.716229,11.010568,4.139907
16837,15.480027,4.729282,11.044926,4.1586857
16838,29.454655,6.1445317,14.770229,6.1948247
16839,15.433862,4.7246065,11.0326185,4.151959
16840,29.548904,6.1540756,14.795351,6.2085576
16841,15.46053,4.727307,11.039728,4.1558447
16842,29.596975,6.1589446,14.808168,6.2155614
16843,15.332337,4.714325,11.005554,4.1371665
16844,15.459659,4.7272186,11.039495,4.1557174
16845,29.395016,6.1384907,14.75433,6.1861353
16846,29.430418,6.142077,14.763768,6.191294
16847,20.03585,5.190662,12.259399,4.8224807
16848,24.95172,5.688506,13.569853,5.5387354
16849,29.287277,6.1275806,14.725611,6.1704383
16850,15.440793,4.725308,11.034467,4.1529694
16851,29.55011,6.1541986,14.795675,6.208733
16852,24.883125,5.68156,13.551567,5.5287414
16853,20.033457,5.19042,12.25876,4.822132
16854,15.331664,4.7142563,11.005375,4.1370687
16855,20.080612,5.195196,12.271332,4.829003
16856,20.21074,5.208374,12.306021,4.8479624
16857,29.595783,6.158824,14.80785,6.215388
16858,20.15124,5.202348,12.29016,4.8392935
16859,24.81149,5.674306,13.532471,5.518304
16860,20.310484,5.2184753,12.332611,4.862496
16861,15.56953,4.7383456,11.068785,4.171726
16862,20.16779,5.204025,12.294572,4.841705
16863,24.691542,5.6621575,13.500496,5.500828
16864,20.148441,5.202065,12.289415,4.838886
16865,24.831509,5.6763325,13.537808,5.5212207
16866,24.851719,5.6783795,13.543196,5.5241656
16867,15.562175,4.737601,11.066824,4.1706543
16868,24.851805,5.678387,13.543219,5.5241776
16869,29.440048,6.1430516,14.766335,6.192697
16870,15.665212,4.748036,11.094292,4.185667
16871,29.38807,6.137788,14.75248,6.185124
16872,24.684532,5.6614475,13.498628,5.499806
16873,20.215828,5.2088895,12.307377,4.848704
16874,15.5299635,4.7343388,11.058238,4.1659613
16875,24.892899,5.682549,13.5541725,5.530165
16876,24.795343,5.67267,13.528168,5.5159516
16877,20.282373,5.2156286,12.325117,4.8584
16878,24.650387,5.6579895,13.489525,5.4948306
16879,29.513088,6.1504493,14.785805,6.203339
16880,29.356033,6.1345434,14.743938,6.1804557
16881,24.860518,5.6792703,13.545542,5.5254474
16882,15.420386,4.723242,11.029026,4.149996
16883,15.677404,4.7492704,11.097542,4.187444
16884,15.636449,4.745123,11.086624,4.1814766
16885,20.278307,5.2152166,12.324034,4.8578076
16886,29.362837,6.1352324,14.745752,6.1814475
16887,29.24025,6.122818,14.713074,6.163586
16888,29.355,6.134439,14.743663,6.180305
16889,29.279648,6.126808,14.723575,6.1693254
16890,20.310413,5.2184687,12.332592,4.8624854
16891,29.43107,6.1421432,14.763941,6.191389
16892,15.572124,4.7386084,11.069476,4.172104
16893,29.453169,6.1443815,14.769833,6.1946096
16894,24.85449,5.67866,13.543934,5.524569
16895,20.249928,5.2123427,12.316467,4.853673
16896,20.278435,5.21523,12.324068,4.8578267
16897,20.2815,5.2155404,12.324884,4.8582726
16898,29.337475,6.132664,14.738991,6.177751
16899,24.763351,5.6694303,13.51964,5.51129
16900,15.429809,4.7241955,11.031538,4.151368
16901,15.408093,4.721997,11.025749,4.1482043
16902,29.575008,6.15672,14.802313,6.212362
16903,24.939198,5.6872387,13.566516,5.536912
16904,24.75705,5.668792,13.517958,5.510371
16905,29.321829,6.1310797,14.73482,6.1754723
16906,29.223389,6.1211104,14.708578,6.1611295
16907,15.425204,4.723729,11.030311,4.1506977
16908,15.55326,4.736698,11.064447,4.169356
16909,24.720516,5.665092,13.508221,5.5050488
16910,24.903696,5.6836433,13.557053,5.5317388
16911,24.672594,5.6602387,13.495445,5.4980664
16912,15.463407,4.727598,11.040495,4.1562634
16913,24.900642,5.683334,13.556238,5.531294
16914,24.641237,5.657063,13.487086,5.4934974
16915,15.533236,4.73467,11.05911,4.166438
16916,29.350182,6.133951,14.742378,6.179603
16917,29.386482,6.137627,14.752056,6.1848917
16918,24.778965,5.6710114,13.523802,5.5135646
16919,29.461199,6.1451945,14.771973,6.195779
16920,29.475574,6.14665,14.7758045,6.1978726
16921,24.932384,5.686548,13.564698,5.5359187
16922,20.189774,5.20625,12.300431,4.8449078
16923,20.132948,5.2004957,12.285284,4.8366284
16924,15.527836,4.734123,11.057671,4.1656513
16925,20.331,5.2205534,12.338079,4.8654847
16926,20.162058,5.2034435,12.293043,4.84087
16927,29.379032,6.1368723,14.75007,6.183806
16928,29.308727,6.1297536,14.731328,6.173563
16929,15.500648,4.73137,11.050423,4.16169
16930,24.720413,5.665081,13.508192,5.5050335
16931,29.387207,6.137701,14.75225,6.184998
16932,15.4470625,4.725943,11.036139,4.1538825
16933,15.596544,4.7410817,11.075985,4.175662
16934,20.11242,5.198417,12.279811,4.8336377
16935,15.504973,4.731808,11.051576,4.16232
16936,20.125637,5.1997557,12.283335,4.8355637
16937,24.754538,5.668537,13.517289,5.5100055
16938,15.450344,4.7262754,11.037013,4.1543603
16939,29.29103,6.127961,14.72661,6.1709847
16940,29.4431,6.1433616,14.767149,6.1931424
16941,15.630204,4.74449,11.084959,4.180567
16942,24.982742,5.6916485,13.578124,5.543256
16943,20.29946,5.217359,12.329672,4.8608894
16944,24.74535,5.667607,13.51484,5.508667
16945,24.758732,5.6689625,13.518408,5.510617
16946,15.359713,4.7170973,11.012853,4.1411552
16947,20.076204,5.194749,12.270157,4.82836
16948,15.406577,4.7218432,11.025346,4.1479836
16949,24.677425,5.6607275,13.496733,5.4987693
16950,20.300205,5.217435,12.32987,4.860998
16951,15.434638,4.7246847,11.032825,4.1520724
16952,15.638682,4.745349,11.087219,4.181802
16953,15.549262,4.736293,11.063381,4.168773
16954,29.312042,6.130089,14.732212,6.1740465
16955,20.072004,5.194324,12.269037,4.8277483
16956,29.391716,6.1381583,14.753451,6.185655
16957,24.784029,5.671524,13.52515,5.5143027
16958,15.460601,4.727314,11.039746,4.155855
16959,15.600697,4.7415023,11.077093,4.1762676
16960,15.541915,4.735549,11.061424,4.1677027
16961,15.495029,4.7308006,11.048925,4.160871
16962,24.920317,5.685326,13.561481,5.5341597
16963,24.83731,5.67692,13.539354,5.5220666
16964,24.671427,5.6601205,13.495134,5.4978967
16965,15.491569,4.73045,11.048002,4.160367
16966,29.583364,6.1575665,14.804539,6.2135787
16967,24.666697,5.6596413,13.493873,5.497207
16968,29.32618,6.1315203,14.735981,6.176106
16969,20.175014,5.2047563,12.296498,4.8427577
16970,29.454365,6.1445026,14.770151,6.194783
16971,15.364022,4.717533,11.014001,4.141783
16972,20.160576,5.203294,12.292648,4.840654
16973,20.108442,5.198014,12.278751,4.833058
16974,15.499984,4.7313027,11.050245,4.1615934
16975,24.84659,5.6778603,13.541828,5.5234184
16976,15.398207,4.720995,11.023114,4.146764
16977,24.823326,5.6755037,13.535625,5.5200286
16978,24.672554,5.660235,13.495434,5.4980607
16979,15.497798,4.731081,11.049663,4.161275
16980,24.868958,5.680125,13.5477915,5.526677
16981,20.049202,5.1920147,12.2629595,4.8244267
16982,20.247429,5.2120895,12.315802,4.853308
16983,24.938068,5.6871243,13.566215,5.5367455
16984,29.446814,6.143737,14.768139,6.1936827
16985,29.313396,6.1302247,14.732573,6.1742435
16986,29.574177,6.1566358,14.802091,6.21224
16987,29.55007,6.154194,14.795665,6.208728
16988,29.310926,6.129976,14.7319145,6.173884
16989,20.27015,5.2143908,12.321857,4.8566184
16990,29.420464,6.141069,14.761115,6.1898437
16991,29.519732,6.1511226,14.787577,6.204307
16992,15.461028,4.7273574,11.039861,4.1559167
16993,24.88158,5.681403,13.551156,5.5285163
16994,29.589455,6.1581826,14.806164,6.214466
16995,29.36576,6.1355286,14.746532,6.1818733
16996,20.300465,5.2174606,12.329939,4.8610363
16997,29.531517,6.152316,14.790721,6.206024
16998,19.999447,5.186976,12.249695,4.817177
16999,24.821278,5.675297,13.535082,5.5197306
17000,29.391273,6.138113,14.753332,6.185591
17001,20.203104,5.2076006,12.303986,4.8468504
17002,29.382938,6.137269,14.751112,6.1843762
17003,24.92706,5.6860085,13.563278,5.5351424
17004,24.813747,5.674534,13.533073,5.518633
17005,15.612853,4.742733,11.080334,4.178038
17006,20.140522,5.201263,12.287302,4.8377314
17007,20.038908,5.1909723,12.260215,4.822926
17008,24.686016,5.661598,13.499023,5.5000224
17009,15.519595,4.733289,11.055473,4.1644506
17010,24.86148,5.679368,13.545798,5.525588
17011,20.07383,5.194509,12.269526,4.8280153
17012,20.26733,5.214105,12.321107,4.8562083
17013,24.953514,5.688688,13.570332,5.5389967
17014,29.41745,6.1407638,14.760309,6.1894045
17015,29.561398,6.155341,14.798683,6.210377
17016,15.638438,4.7453246,11.087154,4.1817665
17017,15.605773,4.7420163,11.078446,4.1770067
17018,15.603333,4.741769,11.077797,4.1766515
17019,29.323545,6.131254,14.735279,6.1757226
17020,15.544091,4.7357693,11.062004,4.16802
17021,15.384076,4.7195644,11.019347,4.144705
17022,20.021082,5.189167,12.255463,4.820329
17023,20.078732,5.1950054,12.270831,4.8287287
17024,29.369976,6.1359553,14.747654,6.182487
17025,15.458723,4.7271237,11.039246,4.1555815
17026,19.98186,5.1851945,12.245007,4.8146143
17027,20.253063,5.2126603,12.317304,4.85413
17028,15.522006,4.733533,11.056116,4.164802
17029,24.80775,5.673927,13.531475,5.5177593
17030,20.214436,5.2087483,12.307006,4.8485007
17031,29.541197,6.1532955,14.7933,6.2074347
17032,20.189018,5.206174,12.30023,4.8447976
17033,29.59153,6.158393,14.806715,6.214768
17034,29.499454,6.1490684,14.782171,6.2013535
17035,29.46895,6.145979,14.774039,6.1969085
17036,24.773172,5.6704245,13.522257,5.512721
17037,29.592543,6.1584964,14.806988,6.2149158
17038,24.791307,5.672261,13.527091,5.515363
17039,24.8155,5.674711,13.533541,5.518888
17040,29.360657,6.1350117,14.745172,6.1811295
17041,20.17514,5.2047687,12.296531,4.842776
17042,15.575064,4.738906,11.07026,4.1725326
17043,29.512592,6.150399,14.785674,6.203267
17044,24.639112,5.656848,13.48652,5.4931884
17045,15.520215,4.7333517,11.055639,4.164541
17046,24.743828,5.667453,13.514435,5.5084453
17047,24.815327,5.6746936,13.533495,5.518863
17048,15.54234,4.735592,11.061537,4.1677647
17049,24.80767,5.6739182,13.531454,5.517748
17050,24.952854,5.6886215,13.570156,5.5389013
17051,15.643552,4.745842,11.088517,4.182511
17052,15.393842,4.7205534,11.021951,4.1461277
17053,24.590878,5.651963,13.473662,5.4861603
17054,24.87004,5.680235,13.5480795,5.526835
17055,24.697018,5.662712,13.501956,5.501625
17056,24.674692,5.660451,13.496004,5.4983716
17057,24.971363,5.690496,13.575089,5.541598
17058,15.557229,4.7371,11.065506,4.169934
17059,24.70465,5.663485,13.50399,5.5027375
17060,29.255558,6.124368,14.7171545,6.1658163
17061,20.159803,5.2032156,12.292443,4.8405414
17062,24.741632,5.6672306,13.513849,5.508126
17063,29.433392,6.142378,14.764561,6.191727
17064,15.439038,4.72513,11.033998,4.1527133
17065,29.344097,6.133335,14.740757,6.178717
17066,15.612256,4.742673,11.080175,4.177952
17067,24.95034,5.688367,13.569486,5.5385346
17068,15.461135,4.7273684,11.03989,4.155933
17069,24.817886,5.6749525,13.534178,5.519235
17070,20.18164,5.205427,12.298264,4.843723
17071,15.681043,4.749639,11.098512,4.187974
17072,15.386012,4.7197604,11.019863,4.144987
17073,24.837683,5.6769576,13.539454,5.5221205
17074,15.477007,4.728976,11.04412,4.1582456
17075,15.405651,4.7217493,11.025098,4.147848
17076,20.219687,5.20928,12.308406,4.8492665
17077,20.211065,5.2084074,12.3061075,4.84801
17078,20.295176,5.2169247,12.328529,4.8602653
17079,24.862717,5.679493,13.546127,5.5257673
17080,24.928776,5.686183,13.563738,5.535393
17081,29.47145,6.1462326,14.774706,6.197273
17082,29.43935,6.142981,14.7661495,6.1925945
17083,24.783113,5.671431,13.524906,5.514169
17084,20.034914,5.190568,12.25915,4.822345
17085,20.122879,5.1994762,12.2825985,4.8351607
17086,24.791899,5.6723213,13.52725,5.5154495
17087,20.064766,5.193591,12.267109,4.8266945
17088,20.042044,5.1912894,12.261049,4.823383
17089,24.939646,5.687284,13.566634,5.5369763
17090,24.928333,5.686138,13.563621,5.5353284
17091,29.513584,6.150499,14.785936,6.203411
17092,15.547822,4.7361474,11.062998,4.1685634
17093,24.827085,5.6758842,13.536629,5.520576
17094,15.576863,4.7390885,11.07074,4.1727943
17095,29.307991,6.1296782,14.731132,6.1734557
17096,15.444686,4.7257023,11.035504,4.1535363
17097,15.394595,4.720629,11.022152,4.146238
17098,24.917042,5.684994,13.56061,5.5336833
17099,15.469183,4.7281833,11.042035,4.1571054
17100,24.692327,5.662237,13.500706,5.5009418
17101,15.522903,4.7336235,11.0563545,4.1649323
17102,15.489762,4.7302675,11.04752,4.160104
17103,20.130503,5.2002482,12.284632,4.836272
17104,20.021252,5.189184,12.255508,4.820354
17105,20.078825,5.195015,12.270856,4.828742
17106,15.455232,4.7267704,11.038315,4.155072
17107,15.39922,4.721098,11.023384,4.1469116
17108,15.490411,4.7303333,11.047693,4.160198
17109,24.735584,5.666618,13.512238,5.5072446
17110,20.185942,5.205863,12.299411,4.84435
17111,29.455757,6.1446433,14.770523,6.194986
17112,20.077549,5.1948853,12.270515,4.8285565
17113,29.43109,6.142145,14.763947,6.1913915
17114,20.053604,5.192461,12.264132,4.825067
17115,20.043638,5.1914515,12.2614765,4.8236156
17116,20.15376,5.2026043,12.290832,4.8396606
17117,24.719278,5.6649666,13.507891,5.5048685
17118,15.526444,4.733982,11.057299,4.1654487
17119,29.376629,6.136629,14.749429,6.183457
17120,24.65762,5.6587224,13.491453,5.495885
17121,15.4927,4.730565,11.048304,4.1605315
17122,29.511833,6.1503224,14.785471,6.203156
17123,29.37489,6.136453,14.748964,6.1832027
17124,24.955925,5.6889324,13.570975,5.5393486
17125,24.701218,5.6631374,13.503075,5.502237
17126,29.4443,6.1434827,14.767468,6.193316
17127,29.432798,6.142318,14.764402,6.191641
17128,29.515789,6.150722,14.786526,6.2037325
17129,29.491388,6.1482515,14.780022,6.2001767
17130,24.978344,5.6912026,13.57695,5.5426145
17131,20.148087,5.2020288,12.28932,4.8388343
17132,29.34366,6.133291,14.74064,6.1786523
17133,20.10723,5.197891,12.278427,4.8328815
17134,15.520816,4.7334123,11.055799,4.1646285
17135,29.579287,6.157154,14.803453,6.212985
17136,20.182465,5.2055106,12.298483,4.843843
17137,15.634976,4.744974,11.086231,4.181262
17138,29.465265,6.1456056,14.773056,6.1963716
17139,20.193096,5.2065873,12.301318,4.845392
17140,29.370152,6.1359735,14.747703,6.1825137
17141,20.049389,5.192034,12.263008,4.824454
17142,20.207132,5.208009,12.305059,4.8474374
17143,29.578236,6.157047,14.803173,6.2128315
17144,15.503162,4.7316246,11.051093,4.1620564
17145,29.473434,6.1464334,14.775234,6.1975617
17146,24.749146,5.6679907,13.515852,5.50922
17147,15.491839,4.730478,11.048074,4.1604066
17148,15.522521,4.7335854,11.056253,4.164877
17149,15.645061,4.745995,11.08892,4.182731
17150,24.745777,5.6676497,13.514954,5.5087295
17151,29.351421,6.1340766,14.742708,6.179784
17152,29.415234,6.140539,14.759719,6.189081
17153,15.660537,4.7475624,11.093045,4.184986
17154,24.722769,5.66532,13.5088215,5.5053763
17155,24.735619,5.6666217,13.512246,5.507249
17156,24.83523,5.6767097,13.538799,5.521763
17157,29.352646,6.1342006,14.743036,6.1799617
17158,15.484092,4.7296934,11.046009,4.1592774
17159,24.702518,5.6632686,13.503422,5.5024257
17160,24.670143,5.6599903,13.494791,5.4977093
17161,15.494403,4.730737,11.048758,4.16078
17162,29.426888,6.141719,14.762827,6.190779
17163,24.598206,5.6527057,13.475615,5.4872274
17164,20.287468,5.216145,12.326475,4.859143
17165,24.629028,5.6558266,13.483831,5.4917183
17166,29.558346,6.155033,14.79787,6.2099338
17167,15.648626,4.7463555,11.0898695,4.1832504
17168,20.080807,5.1952157,12.271385,4.8290315
17169,24.824715,5.6756444,13.5359955,5.5202303
17170,24.9211,5.6854053,13.561691,5.5342746
17171,29.605682,6.1598263,14.810488,6.2168303
17172,20.022888,5.18935,12.255944,4.820593
17173,29.36798,6.135753,14.747123,6.182196
17174,15.429391,4.7241535,11.031427,4.1513076
17175,29.476032,6.146696,14.775929,6.1979403
17176,15.377171,4.718865,11.017506,4.1436987
17177,20.254211,5.212776,12.31761,4.854296
17178,15.403434,4.7215247,11.024508,4.147526
17179,29.33639,6.132554,14.738702,6.177594
17180,29.401186,6.1391163,14.755975,6.1870346
17181,24.832447,5.6764274,13.538057,5.521358
17182,20.088442,5.1959887,12.273418,4.830144
17183,15.382831,4.719438,11.019014,4.144523
17184,24.885618,5.6818123,13.552232,5.5291047
17185,15.539167,4.735271,11.06069,4.167302
17186,15.4089,4.7220783,11.025965,4.148322
17187,24.78275,5.6713943,13.524809,5.5141163
17188,29.546125,6.153795,14.794613,6.2081532
17189,29.591208,6.1583605,14.80663,6.2147207
17190,15.3527975,4.7163963,11.011008,4.140147
17191,15.530553,4.7343984,11.058394,4.166047
17192,24.731947,5.6662493,13.511267,5.506714
17193,15.495287,4.730827,11.048993,4.1609087
17194,24.826233,5.6757984,13.536402,5.520452
17195,15.354882,4.7166076,11.011564,4.1404514
17196,15.499118,4.731215,11.0500145,4.161467
17197,15.657372,4.747242,11.092201,4.184525
17198,29.472763,6.1463656,14.775057,6.1974645
17199,29.386312,6.1376104,14.75201,6.1848683
17200,24.742554,5.6673236,13.514095,5.50826
17201,29.252655,6.124074,14.716381,6.1653934
17202,24.73527,5.666586,13.512153,5.5071983
17203,19.998587,5.1868887,12.249466,4.8170514
17204,15.464022,4.727661,11.040659,4.156353
17205,15.547182,4.7360826,11.062827,4.1684704
17206,20.119755,5.19916,12.281767,4.834706
17207,29.331017,6.1320105,14.73727,6.1768107
17208,24.791817,5.6723127,13.527227,5.5154376
17209,29.434444,6.1424847,14.764841,6.191881
17210,29.323345,6.131233,14.735225,6.1756935
17211,24.824886,5.675661,13.536043,5.5202556
17212,15.567983,4.7381887,11.068372,4.1715007
17213,20.282822,5.2156744,12.325236,4.8584647
17214,20.00922,5.187966,12.2523,4.8186007
17215,29.454082,6.1444736,14.770077,6.1947412
17216,19.972197,5.1842165,12.242431,4.8132067
17217,15.4137,4.722564,11.027245,4.1490216
17218,15.673292,4.748854,11.096445,4.1868443
17219,15.552693,4.736641,11.064297,4.1692734
17220,29.579494,6.1571746,14.803507,6.213015
17221,20.050562,5.1921525,12.263321,4.8246245
17222,15.579635,4.739369,11.071478,4.1731987
17223,24.729473,5.665999,13.510608,5.506354
17224,15.539104,4.7352643,11.060674,4.167293
17225,20.174492,5.204703,12.296359,4.842681
17226,20.15241,5.202467,12.290471,4.8394637
17227,15.475963,4.72887,11.043842,4.158093
17228,29.36133,6.13508,14.74535,6.1812277
17229,24.807713,5.6739225,13.531464,5.517753
17230,24.851864,5.6783943,13.543236,5.524187
17231,20.28829,5.216228,12.3266945,4.859262
17232,20.228037,5.2101264,12.310633,4.8504834
17233,20.014101,5.18846,12.253601,4.819312
17234,20.060865,5.1931963,12.2660675,4.8261256
17235,15.340036,4.715104,11.007607,4.1382885
17236,24.707043,5.6637278,13.504628,5.503085
17237,24.896843,5.6829486,13.555224,5.5307403
17238,29.479755,6.1470733,14.77692,6.1984825
17239,20.204332,5.2077255,12.304313,4.847029
17240,29.483932,6.1474967,14.778032,6.1990914
17241,20.216696,5.2089777,12.307609,4.8488307
17242,24.74538,5.66761,13.514849,5.5086718
17243,29.58184,6.157412,14.804132,6.2133565
17244,15.396609,4.720834,11.022689,4.146531
17245,20.135992,5.200804,12.286095,4.837072
17246,24.829258,5.676104,13.537209,5.5208926
17247,24.801191,5.673262,13.529727,5.5168037
17248,20.3104,5.218467,12.332588,4.862483
17249,24.837439,5.676933,13.539389,5.5220847
17250,15.493806,4.730677,11.048598,4.160693
17251,24.913052,5.6845903,13.559545,5.533101
17252,29.537418,6.1529136,14.792293,6.206884
17253,24.883488,5.6815963,13.551664,5.528794
17254,29.43104,6.14214,14.763933,6.191385
17255,24.871527,5.6803846,13.548477,5.527052
17256,29.45826,6.1448956,14.771191,6.1953506
17257,15.415986,4.722796,11.027853,4.1493545
17258,15.351937,4.7163095,11.01078,4.1400228
17259,15.511696,4.7324886,11.053368,4.1632996
17260,15.564853,4.737872,11.067537,4.171045
17261,15.561177,4.7374997,11.066558,4.170509
17262,29.507923,6.149926,14.784429,6.202586
17263,15.42601,4.723811,11.030526,4.150815
17264,15.527981,4.734138,11.057709,4.1656723
17265,20.077522,5.194883,12.270509,4.8285522
17266,20.286118,5.216007,12.326115,4.8589454
17267,20.235386,5.21087,12.312592,4.851554
17268,29.417297,6.1407485,14.76027,6.189382
17269,20.251278,5.2124796,12.316828,4.8538694
17270,20.050972,5.192194,12.26343,4.824684
17271,15.428488,4.7240624,11.031186,4.151176
17272,29.358181,6.134762,14.744511,6.1807685
17273,20.158644,5.2030983,12.292133,4.8403726
17274,29.307915,6.1296706,14.731111,6.1734443
17275,15.504592,4.731769,11.051474,4.162265
17276,15.574403,4.738839,11.070084,4.172436
17277,15.491869,4.7304807,11.048082,4.160411
17278,24.753422,5.6684246,13.516993,5.5098433
17279,20.060335,5.193142,12.265926,4.8260484
17280,29.500483,6.149173,14.782446,6.2015023
17281,20.280535,5.215442,12.324627,4.858132
17282,15.670021,4.7485228,11.095573,4.186368
17283,20.288277,5.216226,12.326691,4.8592596
17284,29.350967,6.134031,14.742589,6.179718
17285,24.794155,5.6725497,13.527851,5.515778
17286,29.479738,6.147072,14.776915,6.1984797
17287,20.18093,5.205355,12.298075,4.84362
17288,15.509606,4.732277,11.052811,4.162995
17289,15.519782,4.733308,11.055523,4.164478
17290,29.49805,6.1489263,14.781796,6.201148
17291,15.431768,4.724394,11.032061,4.1516542
17292,20.08199,5.1953354,12.2717,4.8292036
17293,29.410032,6.1400123,14.758333,6.1883235
17294,24.92738,5.6860414,13.563364,5.535189
17295,24.90524,5.6837993,13.557461,5.5319633
17296,20.160341,5.20327,12.292586,4.84062
17297,15.360646,4.7171917,11.013102,4.141291
17298,15.594326,4.740857,11.075396,4.175339
17299,29.386213,6.1376004,14.751984,6.184853
17300,15.4801855,4.7292976,11.044968,4.1587086
17301,15.6160755,4.7430596,11.081193,4.178508
17302,29.6204,6.161317,14.814413,6.2189746
17303,24.662064,5.659172,13.492638,5.4965315
17304,29.303114,6.1291847,14.729832,6.172745
17305,24.837341,5.676923,13.539363,5.5220714
17306,20.024448,5.189508,12.256359,4.8208194
17307,29.454527,6.144518,14.770193,6.1948056
17308,29.32233,6.13113,14.734953,6.1755457
17309,29.42627,6.141657,14.762663,6.1906896
17310,15.476075,4.7288814,11.043871,4.1581097
17311,24.716362,5.6646714,13.507113,5.5044436
17312,29.377377,6.1367054,14.749628,6.1835656
17313,15.491015,4.730394,11.047855,4.1602864
17314,15.577058,4.739108,11.070792,4.172823
17315,20.108725,5.198043,12.278826,4.8330984
17316,20.153267,5.2025537,12.290701,4.8395896
17317,20.247608,5.212108,12.315849,4.853335
17318,15.442491,4.72548,11.03492,4.1532164
17319,29.44989,6.144049,14.768959,6.194131
17320,29.528122,6.151972,14.789814,6.205529
17321,15.610902,4.7425356,11.079814,4.1777544
17322,15.622094,4.743669,11.082797,4.179385
17323,29.56363,6.155567,14.799277,6.2107034
17324,20.156284,5.202859,12.291504,4.8400283
17325,20.196272,5.2069087,12.302164,4.845855
17326,20.188187,5.20609,12.300009,4.844677
17327,24.88034,5.6812778,13.550827,5.528335
17328,15.343787,4.715484,11.008607,4.138835
17329,24.730312,5.6660833,13.51083,5.506476
17330,20.024046,5.1894674,12.256252,4.820761
17331,24.678177,5.6608047,13.496935,5.49888
17332,29.32719,6.1316223,14.73625,6.176254
17333,29.509516,6.150088,14.784853,6.202819
17334,24.863434,5.679566,13.546318,5.5258727
17335,15.487615,4.7300496,11.046948,4.159791
17336,24.923695,5.6856685,13.562382,5.5346527
17337,29.599415,6.1591916,14.808819,6.215917
17338,20.15012,5.202235,12.289862,4.83913
17339,29.558285,6.155027,14.797855,6.209924
17340,29.354107,6.134349,14.743425,6.180175
17341,15.646356,4.7461257,11.089265,4.18292
17342,29.577602,6.1569824,14.803003,6.212739
17343,24.711327,5.6641607,13.50577,5.5037103
17344,15.484406,4.729725,11.046093,4.159323
17345,15.392467,4.7204137,11.0215845,4.145928
17346,29.487509,6.147859,14.778986,6.199612
17347,20.288143,5.216213,12.326654,4.859241
17348,20.036089,5.190686,12.259462,4.822516
17349,20.098372,5.196994,12.276066,4.83159
17350,20.033257,5.1904,12.258709,4.822103
17351,20.225838,5.2099032,12.310045,4.850162
17352,29.504864,6.1496167,14.783613,6.202141
17353,24.688133,5.6618123,13.499588,5.5003304
17354,24.726402,5.6656885,13.509789,5.5059066
17355,24.806877,5.6738377,13.53124,5.517632
17356,20.278408,5.215227,12.3240595,4.857822
17357,24.971638,5.6905236,13.575163,5.541638
17358,24.662285,5.6591945,13.492697,5.4965644
17359,20.085903,5.1957316,12.272743,4.829774
17360,15.483056,4.7295885,11.0457325,4.1591268
17361,29.486612,6.147768,14.778748,6.1994815
17362,24.66346,5.659313,13.4930105,5.4967356
17363,15.417726,4.7229724,11.0283165,4.1496077
17364,24.826292,5.6758046,13.536418,5.520461
17365,29.439217,6.142968,14.766113,6.192576
17366,20.051632,5.1922607,12.263606,4.82478
17367,29.465637,6.145643,14.773155,6.1964254
17368,15.541337,4.7354903,11.06127,4.1676183
17369,20.011938,5.188241,12.253025,4.818997
17370,20.136253,5.2008305,12.286165,4.83711
17371,29.484129,6.1475163,14.778085,6.19912
17372,20.102894,5.197452,12.277271,4.832249
17373,29.30581,6.1294575,14.730551,6.173138
17374,15.519109,4.7332397,11.055344,4.1643796
17375,20.10979,5.1981506,12.279111,4.8332543
17376,15.619665,4.743423,11.0821495,4.1790314
17377,20.115862,5.1987653,12.280729,4.8341384
17378,20.169117,5.2041597,12.294926,4.8418984
17379,15.425489,4.723758,11.030387,4.150739
17380,15.509314,4.7322474,11.0527315,4.1629524
17381,15.421382,4.7233424,11.029292,4.150141
17382,24.694324,5.66244,13.501238,5.5012326
17383,29.567442,6.1559534,14.800294,6.2112584
17384,29.410976,6.140108,14.758585,6.1884613
17385,29.488026,6.147911,14.779124,6.199688
17386,29.413757,6.1403894,14.759327,6.1888666
17387,24.767677,5.669868,13.520792,5.5119205
17388,24.99053,5.692437,13.5802,5.54439
17389,29.588999,6.158137,14.806041,6.2144
17390,24.917738,5.685065,13.560795,5.5337844
17391,29.348026,6.1337333,14.741802,6.1792893
17392,24.738766,5.66694,13.513086,5.507708
17393,15.534876,4.734836,11.059547,4.166677
17394,24.685455,5.6615415,13.498875,5.4999404
17395,20.160954,5.203332,12.292749,4.840709
17396,15.679471,4.74948,11.098092,4.1877446
17397,29.52236,6.1513877,14.788277,6.20469
17398,24.860985,5.679317,13.545665,5.525516
17399,15.537762,4.7351284,11.060317,4.1670976
17400,24.900803,5.68335,13.55628,5.5313168
17401,15.614245,4.742874,11.080705,4.1782413
17402,24.94643,5.687971,13.568443,5.537966
17403,29.259537,6.124771,14.718214,6.1663957
17404,24.72172,5.6652136,13.50854,5.505224
17405,20.074167,5.194543,12.269613,4.8280635
17406,24.92049,5.6853437,13.561529,5.534186
17407,15.361886,4.717317,11.013432,4.141472
17408,15.633957,4.74487,11.0859585,4.1811132
17409,24.759773,5.6690674,13.518685,5.5107684
17410,15.435344,4.7247562,11.033014,4.152175
17411,29.581467,6.157375,14.804033,6.213302
17412,24.719217,5.6649604,13.507874,5.5048594
17413,20.00759,5.1878004,12.251866,4.8183637
17414,20.28107,5.215497,12.32477,4.85821
17415,15.444942,4.725728,11.035573,4.1535735
17416,29.418476,6.1408677,14.760584,6.1895537
17417,24.687595,5.6617575,13.499444,5.5002522
17418,20.278917,5.2152786,12.324196,4.8578963
17419,20.102337,5.197396,12.277123,4.8321676
17420,29.37415,6.136379,14.748768,6.1830955
17421,20.171118,5.2043614,12.295458,4.84219
17422,15.408946,4.7220826,11.025976,4.1483283
17423,20.220276,5.20934,12.308563,4.8493524
17424,29.419323,6.140953,14.760811,6.1896777
17425,29.286306,6.1274815,14.725351,6.170296
17426,29.538452,6.1530175,14.792566,6.2070346
17427,15.38367,4.719523,11.019238,4.1446457
17428,29.479433,6.1470404,14.7768345,6.1984363
17429,15.5824995,4.7396593,11.072243,4.1736164
17430,29.58517,6.157749,14.805021,6.213842
17431,20.125332,5.1997247,12.283253,4.8355184
17432,20.139847,5.201195,12.287123,4.8376336
17433,15.569525,4.738345,11.068784,4.1717257
17434,24.904799,5.683755,13.557346,5.531899
17435,15.39753,4.720927,11.022933,4.146665
17436,24.708454,5.6638703,13.505005,5.503291
17437,29.398956,6.138891,14.755381,6.18671
17438,24.848295,5.678033,13.542283,5.523667
17439,24.814022,5.674562,13.533148,5.518673
17440,29.526697,6.1518273,14.7894335,6.2053223
17441,15.389032,4.7200665,11.020669,4.145427
17442,24.817661,5.67493,13.534117,5.519203
17443,15.368564,4.7179933,11.015211,4.142445
17444,29.282782,6.127126,14.724411,6.1697826
17445,15.544454,4.7358065,11.062099,4.168072
17446,20.282684,5.21566,12.325199,4.858445
17447,29.413559,6.1403694,14.7592745,6.188837
17448,20.127098,5.1999035,12.283724,4.835776
17449,24.945343,5.687861,13.568153,5.537807
17450,15.589708,4.7403893,11.074163,4.174666
17451,15.499273,4.7312307,11.050056,4.1614895
17452,24.581177,5.6509805,13.471075,5.4847465
17453,15.54267,4.7356253,11.061625,4.1678123
17454,29.342377,6.1331606,14.740297,6.1784663
17455,24.679619,5.66095,13.497318,5.4990897
17456,20.00417,5.187454,12.250955,4.817865
17457,15.418773,4.7230783,11.028597,4.1497602
17458,24.854095,5.67862,13.543829,5.524512
17459,24.737553,5.6668167,13.51276,5.5075307
17460,29.348164,6.1337466,14.74184,6.1793094
17461,15.605229,4.7419615,11.078302,4.1769276
17462,24.74873,5.6679487,13.515741,5.5091596
17463,15.478462,4.7291226,11.044509,4.1584573
17464,20.228743,5.2101974,12.31082,4.850586
17465,15.652143,4.746712,11.090807,4.183763
17466,15.3608885,4.7172155,11.013166,4.1413264
17467,29.541636,6.1533403,14.793415,6.207498
17468,20.003628,5.1873994,12.250811,4.8177867
17469,29.366798,6.135634,14.746807,6.1820245
17470,15.65059,4.746555,11.090393,4.183537
17471,20.289385,5.216338,12.326986,4.8594213
17472,20.006153,5.187655,12.251484,4.8181543
17473,15.540145,4.7353697,11.060951,4.1674447
17474,29.319202,6.1308136,14.734119,6.1750894
17475,24.76685,5.669784,13.520571,5.5118
17476,29.501991,6.149325,14.782847,6.2017217
17477,29.339104,6.132829,14.739426,6.1779895
17478,24.85727,5.6789412,13.544676,5.524974
17479,24.709686,5.663995,13.505333,5.503471
17480,20.190918,5.206367,12.300737,4.845075
17481,15.422149,4.72342,11.029497,4.1502523
17482,29.536903,6.1528606,14.792156,6.2068095
17483,29.558582,6.155056,14.797933,6.2099676
17484,29.465305,6.1456103,14.773067,6.1963773
17485,15.512144,4.7325344,11.053488,4.163365
17486,29.57851,6.157074,14.803246,6.212871
17487,29.409868,6.139995,14.758289,6.1882997
17488,29.423176,6.1413436,14.761839,6.190239
17489,24.891636,5.682421,13.553836,5.5299816
17490,15.481261,4.7294064,11.045254,4.1588655
17491,20.09578,5.196732,12.275375,4.831213
17492,15.642392,4.745725,11.088209,4.1823425
17493,24.712593,5.66429,13.506107,5.5038953
17494,20.054752,5.192577,12.264439,4.825235
17495,29.55957,6.1551566,14.798197,6.2101116
17496,29.533375,6.1525035,14.791212,6.2062945
17497,15.447847,4.7260222,11.036347,4.153997
17498,29.55224,6.1544147,14.796244,6.209044
17499,24.767738,5.669874,13.520809,5.5119295
17500,29.441677,6.143217,14.766769,6.1929345
17501,20.21769,5.209078,12.307873,4.8489757
17502,15.672788,4.7488027,11.096311,4.1867714
17503,29.542332,6.1534104,14.793602,6.2075996
17504,15.366332,4.7177672,11.014617,4.1421194
17505,15.621549,4.7436137,11.082652,4.179305
17506,15.4003525,4.721213,11.023686,4.1470766
17507,15.309498,4.7120113,10.999467,4.133839
17508,15.617105,4.743164,11.081467,4.178658
17509,29.39045,6.138029,14.753113,6.18547
17510,15.515027,4.732826,11.054256,4.163785
17511,24.8849,5.6817393,13.55204,5.528999
17512,24.644785,5.657422,13.488031,5.4940143
17513,24.874779,5.680714,13.549343,5.527525
17514,20.221231,5.209437,12.308819,4.849491
17515,24.75151,5.668231,13.516483,5.509565
17516,24.682182,5.661209,13.498001,5.499463
17517,24.804304,5.673577,13.530556,5.5172563
17518,29.353714,6.134309,14.74332,6.1801176
17519,29.429594,6.1419935,14.763548,6.1911736
17520,15.6400175,4.7454844,11.087574,4.1819963
17521,29.448303,6.1438885,14.768536,6.1938996
17522,29.37204,6.1361647,14.748206,6.182788
17523,24.755796,5.668665,13.517626,5.5101895
17524,20.194859,5.2067657,12.301787,4.845649
17525,15.539978,4.735353,11.060907,4.1674204
17526,24.927357,5.686039,13.563358,5.535186
17527,20.193544,5.2066326,12.301437,4.845457
17528,29.500275,6.149151,14.782391,6.2014723
17529,15.419272,4.723129,11.028729,4.149833
17530,15.47042,4.728308,11.042364,4.1572857
17531,24.83932,5.677123,13.53989,5.522359
17532,24.643301,5.6572723,13.487637,5.493798
17533,29.518402,6.1509867,14.787222,6.204113
17534,24.71809,5.6648464,13.507574,5.5046954
17535,24.598974,5.6527824,13.475821,5.48734
17536,20.237604,5.211095,12.313183,4.851877
17537,29.569674,6.1561794,14.80089,6.2115836
17538,15.547234,4.736088,11.062841,4.1684775
17539,15.521874,4.733519,11.056081,4.1647825
17540,29.473671,6.1464577,14.775297,6.1975956
17541,29.451328,6.144195,14.769342,6.194341
17542,20.13133,5.2003326,12.284853,4.8363924
17543,20.279356,5.215323,12.324313,4.85796
17544,29.430668,6.1421027,14.763835,6.1913304
17545,29.257381,6.1245522,14.71764,6.1660814
17546,29.562973,6.155501,14.799103,6.210608
17547,29.567087,6.1559176,14.800201,6.211207
17548,24.862103,5.679431,13.545964,5.525678
17549,24.834332,5.676618,13.538561,5.521632
17550,29.428415,6.141874,14.763233,6.1910014
17551,15.452085,4.726452,11.037477,4.154614
17552,24.708818,5.663907,13.505102,5.503344
17553,24.933239,5.686635,13.564926,5.5360436
17554,20.152641,5.2024903,12.290533,4.8394976
17555,24.95018,5.688351,13.569445,5.5385118
17556,20.060299,5.1931386,12.265917,4.826043
17557,20.292574,5.2166615,12.327836,4.8598857
17558,29.25959,6.124777,14.718229,6.1664042
17559,24.654467,5.6584024,13.490612,5.4954247
17560,20.064508,5.1935654,12.26704,4.826657
17561,15.537635,4.7351155,11.060283,4.1670794
17562,20.286089,5.216005,12.326107,4.858941
17563,29.491547,6.1482677,14.780064,6.200201
17564,15.671611,4.7486835,11.095997,4.1865997
17565,15.580466,4.7394533,11.0717,4.1733193
17566,24.80006,5.673148,13.529425,5.5166388
17567,20.148073,5.202028,12.289316,4.8388324
17568,20.14927,5.202149,12.289635,4.839006
17569,15.432933,4.724512,11.0323715,4.1518235
17570,24.856232,5.6788363,13.544399,5.5248227
17571,24.852001,5.6784077,13.543271,5.524206
17572,15.529107,4.734252,11.058009,4.165837
17573,24.916397,5.684929,13.560438,5.53359
17574,15.507943,4.7321086,11.052367,4.1627526
17575,29.434097,6.1424494,14.76475,6.19183
17576,29.48906,6.1480155,14.7794,6.1998377
17577,24.919136,5.685207,13.561167,5.5339885
17578,24.796482,5.672785,13.528471,5.516117
17579,29.275002,6.126338,14.722337,6.1686487
17580,15.39036,4.7202005,11.021022,4.1456203
17581,24.705183,5.6635394,13.504132,5.502815
17582,15.39397,4.7205663,11.021984,4.1461463
17583,20.310886,5.218516,12.332718,4.862554
17584,15.40177,4.721356,11.024064,4.147283
17585,29.491585,6.148272,14.780073,6.2002063
17586,15.358336,4.716958,11.0124855,4.140955
17587,24.77716,5.6708283,13.52332,5.5133023
17588,29.605993,6.1598577,14.810572,6.2168756
17589,29.518806,6.1510277,14.787331,6.204172
17590,24.82344,5.6755147,13.535656,5.520045
17591,20.132637,5.2004642,12.2852,4.836583
17592,15.364581,4.7175903,11.014151,4.141865
17593,29.383352,6.13731,14.751222,6.1844363
17594,20.262356,5.213601,12.31978,4.855483
17595,15.5792055,4.7393255,11.071363,4.1731358
17596,29.568565,6.156068,14.800594,6.2114215
17597,20.255505,5.2129073,12.317953,4.854485
17598,15.546145,4.7359776,11.062551,4.1683187
17599,20.110386,5.198211,12.279269,4.833341
17600,20.305204,5.217941,12.331203,4.8617263
17601,24.943249,5.687649,13.5675955,5.5375013
17602,24.841137,5.6773076,13.540376,5.5226235
17603,20.15973,5.2032084,12.292423,4.840531
17604,29.421452,6.1411686,14.761377,6.1899877
17605,20.19847,5.207132,12.30275,4.8461747
17606,15.6430025,4.7457867,11.08837,4.182431
17607,15.616081,4.7430596,11.081194,4.1785088
17608,20.143787,5.201594,12.288174,4.8382077
17609,24.672253,5.660204,13.495354,5.498017
17610,24.682304,5.6612215,13.498034,5.4994807
17611,29.415863,6.1406026,14.759887,6.189173
17612,29.546581,6.153841,14.794735,6.208219
17613,15.415972,4.7227945,11.027849,4.1493526
17614,20.072182,5.1943417,12.269084,4.8277745
17615,29.479721,6.1470695,14.776911,6.1984773
17616,29.344105,6.1333356,14.740759,6.178717
17617,29.245316,6.12333,14.714423,6.1643233
17618,24.70752,5.663776,13.504755,5.503155
17619,20.237328,5.2110662,12.313108,4.8518367
17620,24.821022,5.67527,13.535013,5.519693
17621,15.566258,4.738014,11.067912,4.1712494
17622,24.63218,5.6561456,13.484671,5.4921775
17623,15.546649,4.7360287,11.062685,4.168392
17624,20.072903,5.1944146,12.269277,4.8278794
17625,29.483934,6.147496,14.778034,6.1990905
17626,20.11744,5.198925,12.281149,4.8343687
17627,24.701286,5.663144,13.503094,5.5022473
17628,29.553434,6.1545353,14.79656,6.2092175
17629,29.516876,6.1508327,14.786816,6.2038913
17630,29.494122,6.148528,14.78075,6.2005754
17631,24.833187,5.6765027,13.538256,5.521466
17632,29.33849,6.1327667,14.739262,6.1779003
17633,29.324919,6.131392,14.735644,6.175922
17634,20.288843,5.2162843,12.326841,4.859342
17635,29.441956,6.1432457,14.766843,6.1929746
17636,20.176752,5.204932,12.29696,4.8430104
17637,15.596104,4.741037,11.075869,4.1755977
17638,29.517384,6.150884,14.786951,6.2039647
17639,15.571137,4.7385087,11.069214,4.1719604
17640,24.934475,5.68676,13.565257,5.536223
17641,24.952644,5.6886,13.570099,5.5388703
17642,20.060974,5.193207,12.266098,4.826142
17643,15.390901,4.7202554,11.021167,4.1456995
17644,15.441825,4.7254124,11.034741,4.1531196
17645,15.575495,4.73895,11.070375,4.1725955
17646,29.476416,6.146735,14.77603,6.197996
17647,20.020405,5.1890984,12.255282,4.8202305
17648,29.276789,6.126519,14.722815,6.16891
17649,24.847061,5.677907,13.541954,5.523487
17650,29.600233,6.159274,14.809036,6.2160363
17651,15.408322,4.7220197,11.02581,4.148238
17652,29.44114,6.1431627,14.766626,6.192857
17653,29.51189,6.1503277,14.785486,6.2031646
17654,20.060516,5.19316,12.265975,4.8260746
17655,24.770317,5.670135,13.521496,5.512305
17656,29.279472,6.126791,14.72353,6.169301
17657,15.5760565,4.739007,11.070524,4.1726775
17658,15.525601,4.733897,11.057075,4.1653256
17659,24.781204,5.671238,13.524399,5.513891
17660,24.838789,5.67707,13.539748,5.5222816
17661,29.567253,6.155935,14.800245,6.2112308
17662,15.63267,4.7447405,11.085617,4.1809263
17663,24.933687,5.686681,13.565046,5.5361085
17664,24.783516,5.671472,13.525015,5.514229
17665,15.423163,4.7235227,11.029767,4.1504
17666,15.593946,4.7408185,11.075294,4.175284
17667,24.768642,5.669966,13.5210495,5.512061
17668,29.464436,6.1455216,14.772836,6.1962504
17669,20.19627,5.206908,12.302164,4.8458543
17670,20.01966,5.189023,12.255083,4.8201222
17671,24.827717,5.6759486,13.536797,5.5206685
17672,24.690222,5.662024,13.500145,5.5006347
17673,20.217197,5.2090282,12.307743,4.8489037
17674,29.4571,6.1447797,14.770882,6.1951814
17675,24.654053,5.658361,13.490501,5.4953647
17676,15.58501,4.7399135,11.072911,4.173981
17677,15.529887,4.734331,11.058217,4.16595
17678,20.281418,5.215532,12.324862,4.8582606
17679,29.52348,6.151501,14.788576,6.2048526
17680,24.822529,5.6754227,13.535414,5.5199122
17681,24.777798,5.6708927,13.523489,5.5133953
17682,29.305206,6.1293964,14.730391,6.1730494
17683,15.324065,4.7134867,11.00335,4.1359615
17684,15.574401,4.7388387,11.070083,4.1724358
17685,24.757473,5.668834,13.518071,5.510433
17686,20.19313,5.2065907,12.301326,4.845397
17687,15.367301,4.7178655,11.014875,4.142261
17688,15.405767,4.721761,11.025129,4.147866
17689,20.302547,5.2176714,12.330494,4.8613386
17690,20.200272,5.207314,12.30323,4.846438
17691,15.601871,4.741621,11.077406,4.1764383
17692,20.246231,5.2119684,12.315482,4.853134
17693,20.252956,5.2126493,12.317275,4.854114
17694,15.48236,4.7295175,11.045547,4.159025
17695,15.43459,4.7246804,11.032812,4.1520653
17696,20.014101,5.1884604,12.253601,4.819312
17697,20.274656,5.2148476,12.32306,4.857276
17698,29.299162,6.1287837,14.728778,6.1721697
17699,15.334817,4.714576,11.006216,4.137528
17700,29.270622,6.125894,14.721169,6.168011
17701,24.825325,5.6757064,13.5361595,5.5203204
17702,29.429552,6.141989,14.763537,6.1911674
17703,24.897392,5.683005,13.555372,5.53082
17704,29.398235,6.138818,14.755188,6.186604
17705,24.707327,5.6637554,13.5047035,5.503127
17706,15.529447,4.7342863,11.0581,4.165886
17707,20.165268,5.203769,12.2939,4.8413377
17708,29.456219,6.14469,14.770647,6.195053
17709,15.65195,4.746693,11.090756,4.1837354
17710,29.35549,6.1344886,14.7437935,6.1803765
17711,15.422225,4.723428,11.029517,4.1502633
17712,24.80507,5.673655,13.530761,5.517369
17713,15.395358,4.720707,11.022355,4.146349
17714,24.774948,5.670604,13.522731,5.5129795
17715,20.038992,5.1909804,12.260237,4.8229384
17716,20.209023,5.2082005,12.305563,4.847713
17717,15.558764,4.7372556,11.065915,4.1701574
17718,29.351503,6.134085,14.742733,6.1797957
17719,15.500442,4.731349,11.050367,4.1616597
17720,24.885857,5.6818366,13.552296,5.5291395
17721,29.518585,6.151006,14.78727,6.20414
17722,24.814531,5.674613,13.533281,5.5187473
17723,20.0466,5.191751,12.262266,4.8240476
17724,20.168327,5.204079,12.294715,4.8417835
17725,15.452405,4.7264843,11.037562,4.1546607
17726,15.544595,4.7358203,11.062138,4.1680927
17727,15.309436,4.7120056,10.99945,4.13383
17728,29.459871,6.1450596,14.771618,6.1955857
17729,15.661877,4.747698,11.093403,4.1851816
17730,24.72762,5.6658106,13.510114,5.5060835
17731,15.3811655,4.7192698,11.018571,4.144281
17732,24.745129,5.667585,13.514782,5.5086355
17733,15.437293,4.724954,11.033534,4.152459
17734,15.5072975,4.7320433,11.052195,4.1626587
17735,20.14641,5.201859,12.288872,4.838589
17736,24.909271,5.6842074,13.5585375,5.532551
17737,15.441422,4.725372,11.034634,4.1530604
17738,29.35247,6.134183,14.742989,6.179937
17739,20.120579,5.199243,12.281986,4.834826
17740,15.678814,4.749413,11.097918,4.1876493
17741,20.01746,5.1888,12.254497,4.819801
17742,20.244955,5.211839,12.315144,4.8529487
17743,24.898216,5.683088,13.555591,5.53094
17744,24.893341,5.6825943,13.554291,5.53023
17745,20.153774,5.202605,12.290835,4.839663
17746,24.95467,5.688805,13.570641,5.5391655
17747,20.082977,5.1954355,12.271963,4.829347
17748,29.43904,6.142949,14.766066,6.19255
17749,20.125399,5.1997313,12.283272,4.835529
17750,20.156317,5.2028623,12.291513,4.840033
17751,15.615359,4.742987,11.081002,4.178404
17752,24.767078,5.669807,13.520632,5.511833
17753,24.862522,5.6794734,13.546074,5.525739
17754,20.12002,5.1991863,12.281837,4.834744
17755,24.64124,5.6570625,13.487086,5.493498
17756,29.37637,6.136603,14.749359,6.1834188
17757,24.721727,5.6652145,13.508543,5.5052257
17758,20.261961,5.2135615,12.319676,4.8554263
17759,24.791876,5.6723185,13.527242,5.515446
17760,29.581944,6.1574225,14.804162,6.213372
17761,15.446305,4.7258663,11.035936,4.153772
17762,15.50788,4.7321024,11.052351,4.1627436
17763,29.430418,6.142077,14.763768,6.191294
17764,29.527239,6.151882,14.7895775,6.2054005
17765,24.830482,5.6762285,13.537535,5.521071
17766,15.450023,4.726243,11.036926,4.1543136
17767,20.327236,5.220172,12.337076,4.8649364
17768,24.7985,5.67299,13.529009,5.5164113
17769,29.440708,6.1431193,14.766511,6.192794
17770,24.860435,5.6792617,13.545519,5.525435
17771,15.587346,4.7401505,11.073534,4.174322
17772,24.930035,5.6863103,13.564072,5.5355763
17773,15.364003,4.717531,11.013996,4.1417804
17774,20.289114,5.2163115,12.326914,4.859382
17775,24.776728,5.6707845,13.523205,5.5132394
17776,29.52203,6.151355,14.788189,6.2046413
17777,24.633219,5.656251,13.484949,5.4923296
17778,24.84241,5.6774364,13.540714,5.5228086
17779,24.911976,5.684481,13.559258,5.532945
17780,24.858082,5.6790237,13.544892,5.5250926
17781,29.395206,6.138511,14.754381,6.1861634
17782,24.76039,5.6691303,13.51885,5.510859
17783,15.515908,4.7329154,11.05449,4.1639132
17784,15.471661,4.728434,11.042695,4.157466
17785,20.196354,5.2069173,12.302187,4.8458667
17786,24.704191,5.6634383,13.503868,5.50267
17787,24.713783,5.66441,13.506426,5.504068
17788,24.850803,5.6782866,13.542952,5.5240316
17789,15.41237,4.7224293,11.02689,4.1488276
17790,15.442565,4.7254877,11.034939,4.153227
17791,15.654161,4.746917,11.091346,4.184057
17792,24.781723,5.6712904,13.524536,5.5139666
17793,20.015076,5.188558,12.25386,4.8194537
17794,29.512512,6.1503906,14.785652,6.203255
17795,15.622926,4.7437534,11.083018,4.179506
17796,24.839443,5.677136,13.539924,5.5223765
17797,29.55245,6.1544356,14.7963,6.2090745
17798,20.18391,5.2056575,12.29887,4.8440547
17799,24.648565,5.6578045,13.489038,5.4945655
17800,29.399101,6.1389055,14.755421,6.1867313
17801,29.28529,6.1273794,14.7250805,6.1701493
17802,29.302214,6.1290927,14.729591,6.172614
17803,20.064507,5.193565,12.267038,4.8266563
17804,20.048624,5.191956,12.262806,4.824342
17805,20.201382,5.207426,12.303526,4.846599
17806,20.232689,5.210597,12.3118725,4.8511605
17807,29.488918,6.148001,14.779362,6.1998167
17808,15.486276,4.7299147,11.046592,4.159596
17809,24.742846,5.6673536,13.5141735,5.508302
17810,15.340066,4.7151074,11.007616,4.138293
17811,29.466543,6.1457353,14.773397,6.196557
17812,29.350183,6.13395,14.742379,6.179603
17813,15.5639105,4.7377763,11.0672865,4.1709075
17814,24.823973,5.6755686,13.535798,5.520123
17815,20.068996,5.19402,12.268236,4.82731
17816,29.349268,6.133859,14.742136,6.1794705
17817,29.347645,6.133694,14.741702,6.1792336
17818,29.440098,6.1430573,14.766348,6.192704
17819,29.450924,6.1441536,14.769236,6.194281
17820,24.943169,5.6876407,13.567574,5.5374904
17821,29.39312,6.1382995,14.753826,6.185859
17822,29.370338,6.135992,14.747751,6.18254
17823,15.663757,4.7478886,11.093904,4.1854553
17824,20.025986,5.189664,12.25677,4.821044
17825,24.776356,5.670747,13.523106,5.513185
17826,29.346405,6.133569,14.741372,6.1790533
17827,29.549288,6.154115,14.795456,6.208614
17828,24.949799,5.688312,13.569342,5.5384555
17829,15.597589,4.7411876,11.076264,4.175814
17830,24.910957,5.684378,13.558987,5.532797
17831,29.500708,6.149195,14.782505,6.201535
17832,15.49178,4.7304716,11.048058,4.160398
17833,24.708607,5.663886,13.505045,5.5033135
17834,15.48771,4.7300596,11.046974,4.159805
17835,20.335007,5.2209597,12.339147,4.866069
17836,24.665693,5.6595397,13.493605,5.4970603
17837,29.508785,6.1500134,14.784658,6.2027116
17838,29.265472,6.125372,14.719795,6.16726
17839,15.662735,4.747785,11.093632,4.185306
17840,24.851925,5.6784,13.54325,5.524195
17841,20.071321,5.194255,12.268856,4.8276496
17842,20.202364,5.2075257,12.303787,4.846742
17843,15.517531,4.73308,11.054923,4.16415
17844,29.4048,6.1394825,14.756937,6.1875615
17845,20.103535,5.197517,12.277443,4.8323426
17846,15.50986,4.7323027,11.052878,4.1630316
17847,24.884483,5.6816974,13.551929,5.5289392
17848,20.06707,5.193825,12.267723,4.8270297
17849,29.373772,6.1363406,14.748667,6.18304
17850,20.05091,5.192188,12.263414,4.8246756
17851,15.524147,4.7337494,11.056686,4.165114
17852,24.791485,5.672279,13.52714,5.515389
17853,29.345928,6.1335206,14.741243,6.178983
17854,20.220634,5.2093763,12.308659,4.849405
17855,20.072153,5.1943393,12.269077,4.8277707
17856,24.720394,5.6650796,13.508187,5.505031
17857,29.366978,6.1356525,14.746857,6.18205
17858,24.785194,5.671642,13.525461,5.5144725
17859,24.777344,5.670847,13.52337,5.5133286
17860,24.8168,5.674843,13.533887,5.519078
17861,29.395535,6.138544,14.754468,6.186211
17862,20.134857,5.2006893,12.285792,4.836907
17863,29.582485,6.1574783,14.804306,6.2134504
17864,24.833551,5.6765394,13.538353,5.5215178
17865,29.545818,6.153764,14.794531,6.2081084
17866,19.993206,5.1863437,12.248032,4.8162675
17867,15.462323,4.727489,11.040206,4.1561055
17868,20.067165,5.1938343,12.267748,4.8270435
17869,29.37356,6.136319,14.748611,6.1830106
17870,29.467995,6.1458826,14.773785,6.196769
17871,29.352655,6.134202,14.743038,6.1799636
17872,24.821518,5.6753206,13.535145,5.5197644
17873,24.794462,5.6725807,13.527932,5.515823
17874,29.363407,6.1352906,14.745905,6.1815305
17875,24.83762,5.676951,13.539437,5.522111
17876,20.319324,5.219371,12.334967,4.863784
17877,24.86594,5.6798196,13.546988,5.5262375
17878,24.641624,5.6571016,13.487188,5.493554
17879,20.221165,5.2094297,12.308801,4.8494816
17880,24.830482,5.6762285,13.537535,5.5210714
17881,15.3428545,4.7153897,11.008358,4.138699
17882,24.745806,5.6676536,13.514962,5.5087333
17883,29.514565,6.1505985,14.786199,6.203554
17884,29.396177,6.1386085,14.75464,6.1863046
17885,29.573074,6.156524,14.801796,6.2120795
17886,15.495642,4.730863,11.049088,4.1609607
17887,20.212328,5.208535,12.306444,4.8481946
17888,24.79418,5.6725516,13.527857,5.515782
17889,20.14839,5.2020597,12.2894,4.838878
17890,15.544626,4.735823,11.062145,4.1680975
17891,15.519577,4.733287,11.055468,4.1644483
17892,20.170197,5.2042685,12.295214,4.842056
17893,29.488735,6.1479826,14.779314,6.1997914
17894,29.494102,6.148526,14.780745,6.2005725
17895,15.700389,4.7515984,11.103669,4.1907926
17896,24.940176,5.687338,13.566776,5.537054
17897,15.341765,4.7152796,11.008068,4.1385403
17898,15.422278,4.723433,11.029531,4.1502714
17899,20.06008,5.1931167,12.265858,4.8260107
17900,15.452395,4.7264833,11.0375595,4.1546593
17901,29.420912,6.1411138,14.761234,6.189909
17902,29.584015,6.1576324,14.804713,6.2136736
17903,24.729876,5.6660395,13.5107155,5.506412
17904,20.049843,5.1920795,12.263131,4.8245196
17905,29.441986,6.1432486,14.766853,6.19298
17906,20.159477,5.2031827,12.292356,4.8404937
17907,20.291073,5.2165093,12.3274355,4.8596673
17908,29.26148,6.124968,14.718733,6.16668
17909,15.444303,4.7256637,11.035402,4.15348
17910,15.401446,4.7213235,11.023977,4.147236
17911,29.41938,6.140959,14.760826,6.1896863
17912,15.529765,4.7343187,11.058184,4.165932
17913,29.433865,6.142426,14.764686,6.1917963
17914,24.839973,5.677189,13.540064,5.522454
17915,15.582882,4.739698,11.072344,4.1736717
17916,15.490645,4.7303567,11.047756,4.1602325
17917,29.508797,6.150015,14.784662,6.202714
17918,24.84507,5.677706,13.541423,5.523196
17919,15.410976,4.7222886,11.026518,4.1486244
17920,29.346119,6.133539,14.741297,6.1790113
17921,29.413528,6.140367,14.759266,6.188833
17922,15.470953,4.7283626,11.042507,4.157363
17923,15.674825,4.7490096,11.096854,4.187068
17924,15.5905485,4.740474,11.0743885,4.1747885
17925,15.465794,4.72784,11.041132,4.1566114
17926,20.165222,5.2037644,12.293888,4.841331
17927,29.57858,6.1570816,14.803264,6.212881
17928,24.870945,5.680326,13.548321,5.5269666
17929,15.591331,4.7405534,11.074595,4.174903
17930,29.553135,6.1545043,14.79648,6.209174
17931,29.596752,6.158922,14.808107,6.2155294
17932,15.672339,4.7487574,11.09619,4.1867056
17933,24.699245,5.6629376,13.50255,5.5019493
17934,24.866953,5.679922,13.547256,5.526385
17935,15.418963,4.7230973,11.028647,4.1497884
17936,15.581332,4.739541,11.071931,4.1734457
17937,20.142881,5.201502,12.287931,4.8380756
17938,29.307775,6.1296573,14.731073,6.1734247
17939,15.632468,4.7447195,11.085562,4.1808963
17940,24.927614,5.6860657,13.563427,5.5352235
17941,29.38644,6.137623,14.752045,6.1848865
17942,29.352852,6.134222,14.743091,6.179992
17943,20.275028,5.2148848,12.323158,4.85733
17944,29.368824,6.1358395,14.747349,6.182319
17945,15.46751,4.728014,11.041588,4.156862
17946,24.868618,5.6800904,13.547701,5.526628
17947,20.08345,5.195483,12.272088,4.8294163
17948,29.590143,6.1582527,14.806345,6.214566
17949,24.71534,5.664568,13.50684,5.504295
17950,29.597782,6.1590266,14.808383,6.2156787
17951,20.192902,5.206568,12.301266,4.8453636
17952,29.445185,6.143572,14.767704,6.1934447
17953,29.464058,6.1454835,14.772736,6.196195
17954,24.898317,5.6830983,13.555618,5.530955
17955,20.059578,5.1930656,12.265724,4.8259377
17956,29.606384,6.159898,14.810676,6.2169323
17957,19.99291,5.1863136,12.247953,4.816224
17958,24.77763,5.670876,13.523445,5.5133705
17959,20.264515,5.21382,12.320356,4.8557973
17960,15.453313,4.7265763,11.037805,4.1547933
17961,29.299805,6.1288495,14.728949,6.172263
17962,15.575092,4.7389092,11.070267,4.1725364
17963,24.813757,5.674535,13.533075,5.5186343
17964,15.515847,4.7329087,11.054474,4.163904
17965,20.104498,5.1976147,12.277699,4.832483
17966,29.282389,6.1270857,14.724306,6.169726
17967,29.451603,6.144222,14.769415,6.1943803
17968,20.165457,5.203788,12.293949,4.8413644
17969,24.877098,5.680949,13.549961,5.527863
17970,20.251781,5.21253,12.316962,4.8539424
17971,20.080276,5.195162,12.271242,4.8289537
17972,29.374237,6.1363873,14.748791,6.1831083
17973,29.342716,6.133195,14.740389,6.178516
17974,24.840471,5.67724,13.540197,5.522527
17975,29.498222,6.1489434,14.781842,6.2011733
17976,29.415586,6.1405754,14.759813,6.189133
17977,15.409939,4.722183,11.026241,4.1484733
17978,24.70039,5.663053,13.502853,5.5021157
17979,29.578333,6.157057,14.803198,6.212846
17980,20.133018,5.200503,12.285303,4.836639
17981,29.57983,6.1572084,14.8035965,6.2130637
17982,15.530023,4.734345,11.058252,4.16597
17983,24.814102,5.67457,13.533169,5.518684
17984,15.564126,4.737798,11.067345,4.1709385
17985,20.059952,5.1931033,12.265823,4.8259926
17986,20.02251,5.1893115,12.255844,4.8205376
17987,29.371876,6.1361485,14.748161,6.1827636
17988,20.240438,5.2113814,12.313938,4.85229
17989,20.192606,5.206538,12.3011875,4.845321
17990,20.099583,5.1971173,12.276389,4.831767
17991,29.448473,6.143905,14.768581,6.1939244
17992,15.414296,4.722625,11.027403,4.149108
17993,24.818157,5.67498,13.534248,5.5192747
17994,15.603176,4.741753,11.077754,4.1766286
17995,20.17285,5.2045374,12.29592,4.8424425
17996,24.809458,5.6740994,13.531929,5.5180078
17997,29.402733,6.139273,14.756388,6.18726
17998,15.506242,4.7319365,11.051914,4.1625047
17999,24.667381,5.659711,13.494056,5.4973063
18000,29.38588,6.1375666,14.751896,6.184805
18001,24.85914,5.679131,13.545174,5.525247
18002,20.107363,5.1979046,12.278463,4.8329005
18003,15.566648,4.7380543,11.068016,4.171306
18004,15.587486,4.7401643,11.073571,4.1743426
18005,20.201456,5.2074337,12.303547,4.84661
18006,15.421657,4.7233706,11.029366,4.1501813
18007,20.011501,5.1881967,12.252909,4.818933
18008,24.9259,5.685891,13.56297,5.5349736
18009,24.815735,5.674735,13.533604,5.5189223
18010,24.72136,5.6651773,13.508445,5.5051713
18011,19.99718,5.186746,12.249091,4.8168464
18012,15.469699,4.7282357,11.042172,4.157181
18013,29.478918,6.146988,14.776697,6.1983604
18014,29.453522,6.144417,14.769927,6.1946607
18015,20.25531,5.212888,12.3179035,4.854457
18016,29.497643,6.148885,14.78169,6.201089
18017,20.111557,5.19833,12.279581,4.833512
18018,29.391918,6.1381783,14.753504,6.1856837
18019,15.432096,4.724427,11.032148,4.1517015
18020,15.530979,4.7344418,11.058508,4.1661096
18021,24.78275,5.671395,13.524811,5.5141163
18022,20.264498,5.2138186,12.320351,4.8557954
18023,20.309605,5.2183867,12.332376,4.862367
18024,20.101242,5.1972847,12.276831,4.832008
18025,15.519265,4.7332554,11.055385,4.1644025
18026,20.134518,5.200655,12.285702,4.8368573
18027,24.682224,5.661214,13.498013,5.4994693
18028,20.016083,5.1886606,12.25413,4.8196006
18029,20.217537,5.209063,12.307833,4.8489537
18030,24.748459,5.667922,13.515669,5.5091205
18031,15.4623575,4.7274923,11.0402155,4.156111
18032,20.097916,5.196948,12.275946,4.8315244
18033,29.303425,6.1292152,14.729914,6.1727905
18034,19.985443,5.1855574,12.245962,4.8151364
18035,20.280922,5.2154818,12.32473,4.858188
18036,15.526781,4.7340164,11.057389,4.1654973
18037,20.052532,5.1923523,12.263847,4.8249116
18038,15.537837,4.7351365,11.060336,4.1671085
18039,20.080954,5.1952305,12.271423,4.8290524
18040,20.309816,5.2184076,12.332432,4.862398
18041,24.678207,5.6608076,13.496942,5.4988847
18042,24.869263,5.6801558,13.547873,5.526721
18043,20.26489,5.213858,12.320456,4.8558526
18044,20.06868,5.193988,12.268152,4.8272643
18045,24.722054,5.6652474,13.50863,5.505273
18046,24.59631,5.6525135,13.475109,5.4869514
18047,24.746399,5.6677127,13.51512,5.50882
18048,24.78759,5.6718845,13.5261,5.5148215
18049,15.532319,4.7345777,11.058865,4.1663046
18050,20.14354,5.201568,12.288107,4.8381715
18051,29.513935,6.1505346,14.786032,6.203462
18052,29.43992,6.1430397,14.7663,6.1926785
18053,20.142464,5.201459,12.28782,4.8380146
18054,29.472395,6.1463284,14.774959,6.1974106
18055,20.080925,5.1952276,12.271416,4.8290486
18056,24.895617,5.682825,13.554897,5.530561
18057,24.89708,5.682973,13.555287,5.5307746
18058,20.279587,5.2153463,12.324373,4.8579936
18059,20.193636,5.2066417,12.301462,4.8454704
18060,29.438274,6.1428723,14.765862,6.1924386
18061,24.732254,5.6662803,13.511349,5.5067587
18062,29.509855,6.1501217,14.784944,6.202868
18063,24.912056,5.6844897,13.559279,5.5329566
18064,20.223944,5.209711,12.309542,4.8498874
18065,15.36832,4.7179685,11.015147,4.1424093
18066,15.516896,4.7330155,11.054754,4.1640577
18067,29.463816,6.145459,14.772671,6.19616
18068,29.383102,6.1372848,14.751155,6.1844
18069,15.43547,4.724769,11.033048,4.1521935
18070,20.248259,5.2121735,12.316022,4.8534293
18071,24.940666,5.6873875,13.566908,5.537125
18072,15.414706,4.7226667,11.0275135,4.149168
18073,20.272682,5.2146473,12.322534,4.8569875
18074,24.835579,5.6767445,13.538893,5.5218134
18075,20.162052,5.2034435,12.293041,4.840869
18076,24.863668,5.6795897,13.546381,5.5259066
18077,24.778135,5.670927,13.52358,5.5134444
18078,24.807035,5.673854,13.531284,5.517655
18079,29.497282,6.148848,14.781591,6.2010355
18080,20.225433,5.209862,12.309938,4.850104
18081,20.095654,5.196719,12.275342,4.8311944
18082,29.304335,6.129308,14.730157,6.1729236
18083,24.603424,5.6532335,13.477006,5.487988
18084,15.546596,4.736023,11.062671,4.1683846
18085,20.329905,5.2204423,12.337788,4.8653255
18086,24.66241,5.6592073,13.492731,5.4965825
18087,15.616459,4.7430987,11.081295,4.178564
18088,20.091883,5.196337,12.274337,4.8306446
18089,20.110527,5.198225,12.279306,4.8333616
18090,20.127773,5.199972,12.283905,4.835875
18091,15.658071,4.7473125,11.092387,4.184627
18092,29.334553,6.1323686,14.738213,6.177326
18093,20.241693,5.2115088,12.314273,4.852473
18094,15.6344,4.7449155,11.086078,4.181178
18095,24.903034,5.683576,13.556874,5.5316424
18096,15.579154,4.7393208,11.07135,4.173128
18097,24.846085,5.677809,13.541694,5.5233436
18098,15.47595,4.7288685,11.0438385,4.1580915
18099,19.971088,5.184104,12.242136,4.8130455
18100,15.465681,4.7278285,11.041101,4.156595
18101,24.872807,5.6805143,13.548817,5.527238
18102,24.714417,5.664474,13.506594,5.5041604
18103,29.481277,6.147228,14.777326,6.198704
18104,20.221638,5.2094784,12.308928,4.8495507
18105,20.220242,5.2093363,12.308554,4.849347
18106,20.027807,5.189848,12.257256,4.8213086
18107,24.832573,5.6764402,13.538092,5.5213766
18108,29.376623,6.136629,14.749428,6.183456
18109,29.560982,6.155299,14.7985735,6.210317
18110,24.832264,5.676409,13.538009,5.5213304
18111,24.737183,5.66678,13.512664,5.507477
18112,20.128647,5.200061,12.284138,4.836002
18113,29.270681,6.1259,14.721186,6.1680193
18114,20.201447,5.2074327,12.303543,4.8466086
18115,20.059526,5.19306,12.265712,4.8259306
18116,24.8819,5.6814356,13.551242,5.5285625
18117,24.971235,5.690483,13.575056,5.5415797
18118,29.472614,6.146351,14.775017,6.1974425
18119,29.518929,6.15104,14.787363,6.2041893
18120,20.208576,5.208155,12.305445,4.8476477
18121,24.876518,5.680891,13.5498085,5.527779
18122,15.382903,4.7194457,11.019034,4.144534
18123,15.46964,4.7282295,11.042156,4.157172
18124,24.773243,5.670432,13.522276,5.5127316
18125,29.320421,6.130937,14.734444,6.1752667
18126,15.637757,4.7452555,11.086972,4.181667
18127,15.495402,4.730839,11.049025,4.160926
18128,29.417854,6.1408043,14.760418,6.189463
18129,20.029243,5.1899934,12.257639,4.8215184
18130,29.458717,6.1449428,14.771312,6.195417
18131,29.48885,6.147994,14.779343,6.1998076
18132,15.414145,4.7226095,11.027363,4.1490865
18133,15.53012,4.7343545,11.058279,4.165984
18134,29.341694,6.1330914,14.740116,6.178367
18135,29.464594,6.1455383,14.772879,6.1962733
18136,24.91734,5.6850243,13.560688,5.533726
18137,24.825043,5.675678,13.536083,5.5202785
18138,20.033829,5.190458,12.258862,4.8221865
18139,24.780598,5.671177,13.524236,5.513803
18140,15.52472,4.733808,11.05684,4.1651974
18141,20.205088,5.207802,12.304514,4.847139
18142,20.272604,5.2146397,12.322512,4.8569765
18143,24.864697,5.6796927,13.546654,5.5260563
18144,20.208216,5.2081184,12.305347,4.847595
18145,15.386077,4.7197666,11.01988,4.1449966
18146,15.560544,4.737436,11.066389,4.170417
18147,29.227417,6.1215177,14.709652,6.161716
18148,20.12846,5.200042,12.284087,4.835974
18149,29.359484,6.134893,14.744858,6.1809587
18150,24.749636,5.6680408,13.515983,5.5092916
18151,24.798054,5.6729445,13.52889,5.5163465
18152,15.49365,4.7306614,11.048557,4.1606703
18153,15.61171,4.7426176,11.0800295,4.177872
18154,15.614364,4.7428865,11.080737,4.1782584
18155,20.056944,5.1927986,12.265024,4.8255544
18156,24.673801,5.660361,13.495768,5.498243
18157,20.164162,5.203657,12.293605,4.841176
18158,29.443714,6.1434236,14.767312,6.193231
18159,15.539842,4.7353396,11.060871,4.1674004
18160,24.794956,5.6726313,13.528065,5.515895
18161,15.485192,4.7298045,11.046303,4.159438
18162,29.266716,6.125499,14.720129,6.1674423
18163,15.631521,4.744624,11.08531,4.1807585
18164,20.11807,5.198989,12.281317,4.8344603
18165,24.905403,5.683816,13.557507,5.5319877
18166,29.584473,6.157679,14.804835,6.21374
18167,15.606739,4.742114,11.078704,4.177148
18168,24.769148,5.670017,13.521185,5.5121346
18169,20.04953,5.1920485,12.263046,4.8244743
18170,24.85612,5.6788244,13.544369,5.5248065
18171,15.619186,4.7433743,11.082022,4.1789613
18172,29.247847,6.1235876,14.715099,6.1646924
18173,15.546758,4.7360396,11.062715,4.1684084
18174,20.27193,5.2145705,12.322332,4.8568783
18175,29.648308,6.164143,14.821852,6.2230406
18176,24.812737,5.674431,13.532804,5.5184855
18177,20.239918,5.2113295,12.313799,4.8522143
18178,29.456821,6.1447506,14.770805,6.195141
18179,24.759895,5.6690803,13.518717,5.5107865
18180,20.145954,5.2018127,12.28875,4.8385234
18181,29.37365,6.136328,14.748633,6.1830225
18182,20.062332,5.1933446,12.2664585,4.8263397
18183,15.560053,4.7373857,11.066258,4.1703453
18184,24.806742,5.673824,13.531205,5.517612
18185,20.082323,5.195369,12.271788,4.829252
18186,15.549494,4.7363167,11.063444,4.1688066
18187,24.921232,5.685419,13.561726,5.5342937
18188,20.162035,5.2034416,12.293037,4.8408666
18189,24.790104,5.672139,13.52677,5.5151873
18190,29.32661,6.1315637,14.736094,6.176169
18191,15.324334,4.713514,11.003422,4.1360006
18192,24.639164,5.6568527,13.486532,5.493195
18193,20.043354,5.1914225,12.2614,4.823574
18194,24.930511,5.6863585,13.564199,5.5356455
18195,15.546063,4.735969,11.062529,4.168307
18196,29.3027,6.1291423,14.729721,6.1726847
18197,15.567603,4.7381506,11.068271,4.171446
18198,29.453022,6.144366,14.769793,6.194587
18199,15.408003,4.7219872,11.025726,4.148191
18200,29.56285,6.155489,14.799071,6.2105894
18201,24.80943,5.6740966,13.531921,5.518004
18202,20.265985,5.213969,12.320748,4.8560123
18203,15.588433,4.74026,11.073824,4.174481
18204,24.85305,5.6785145,13.5435505,5.5243597
18205,29.32462,6.131362,14.735563,6.175879
18206,29.481098,6.1472096,14.777278,6.1986785
18207,29.464405,6.1455193,14.772829,6.196246
18208,29.338375,6.1327553,14.739231,6.177883
18209,20.209415,5.2082396,12.305668,4.8477693
18210,15.441971,4.7254276,11.0347805,4.15314
18211,24.89746,5.6830115,13.555389,5.53083
18212,20.298923,5.2173047,12.329529,4.8608108
18213,20.318233,5.2192607,12.334677,4.863625
18214,15.470683,4.7283354,11.042435,4.157324
18215,20.063442,5.193457,12.266755,4.826501
18216,29.378708,6.136841,14.749982,6.183759
18217,20.15026,5.2022495,12.289899,4.8391514
18218,29.486195,6.1477256,14.778637,6.1994205
18219,24.911552,5.6844387,13.559145,5.5328827
18220,15.420474,4.7232504,11.02905,4.150008
18221,15.545377,4.7358994,11.062346,4.168207
18222,24.913471,5.6846333,13.559658,5.5331626
18223,29.522552,6.1514072,14.788328,6.204718
18224,15.58927,4.7403445,11.074047,4.1746025
18225,15.443173,4.725549,11.035101,4.1533155
18226,29.284878,6.1273384,14.724971,6.1700883
18227,29.462685,6.1453443,14.772369,6.195995
18228,29.48687,6.1477942,14.778816,6.1995196
18229,15.481301,4.7294106,11.045265,4.1588707
18230,29.435835,6.142625,14.765211,6.1920824
18231,24.645714,5.657516,13.488279,5.4941497
18232,24.655128,5.6584697,13.490789,5.495522
18233,24.912622,5.684547,13.559431,5.5330396
18234,24.907944,5.684073,13.558184,5.5323577
18235,24.964035,5.689753,13.573135,5.5405297
18236,29.503353,6.1494637,14.783209,6.201921
18237,15.581984,4.7396073,11.072105,4.1735406
18238,15.414693,4.7226653,11.027509,4.149166
18239,24.696707,5.662681,13.501873,5.5015798
18240,15.359606,4.7170863,11.012824,4.1411395
18241,20.201782,5.207467,12.303634,4.8466573
18242,29.497192,6.1488395,14.781569,6.201023
18243,15.624927,4.7439566,11.083552,4.1797976
18244,15.643929,4.74588,11.088617,4.182566
18245,29.405796,6.1395826,14.757204,6.1877055
18246,29.440346,6.1430826,14.766415,6.192741
18247,29.603142,6.159569,14.809813,6.21646
18248,20.316547,5.219089,12.334227,4.863379
18249,20.155552,5.2027845,12.291309,4.8399215
18250,29.53808,6.1529803,14.792467,6.20698
18251,20.098583,5.197016,12.276123,4.831621
18252,15.679162,4.749449,11.098009,4.1877
18253,24.824272,5.675599,13.535877,5.520166
18254,24.821663,5.6753354,13.535183,5.519786
18255,24.871647,5.6803975,13.548508,5.5270686
18256,29.270802,6.1259117,14.721218,6.1680374
18257,20.006584,5.187699,12.251598,4.818217
18258,29.322296,6.1311274,14.734945,6.1755404
18259,24.786982,5.6718235,13.525939,5.514733
18260,24.869436,5.6801734,13.547918,5.5267467
18261,20.06284,5.193396,12.266594,4.8264127
18262,24.660667,5.659031,13.492266,5.496329
18263,24.929075,5.686213,13.563817,5.5354366
18264,29.446064,6.1436615,14.767939,6.1935735
18265,15.505416,4.7318525,11.051694,4.162385
18266,20.319777,5.2194166,12.335088,4.86385
18267,24.833939,5.6765785,13.538456,5.5215755
18268,15.533487,4.734696,11.059177,4.166475
18269,20.223217,5.2096376,12.309347,4.8497806
18270,15.675054,4.7490325,11.096914,4.1871014
18271,29.479355,6.1470327,14.776813,6.198424
18272,15.502877,4.7315955,11.051016,4.1620145
18273,15.661629,4.7476726,11.093336,4.1851454
18274,29.488115,6.1479197,14.779149,6.199701
18275,15.530406,4.734383,11.058354,4.166025
18276,20.14085,5.2012963,12.28739,4.8377795
18277,20.14114,5.2013254,12.287468,4.8378224
18278,24.887825,5.6820354,13.55282,5.529426
18279,20.06765,5.193883,12.267878,4.8271146
18280,29.446571,6.143713,14.768074,6.193648
18281,15.601696,4.741603,11.07736,4.1764126
18282,20.013302,5.1883793,12.253388,4.8191957
18283,15.555252,4.7369,11.064979,4.169646
18284,29.5906,6.158298,14.806467,6.214632
18285,24.729027,5.6659536,13.5104885,5.5062885
18286,29.418722,6.140893,14.76065,6.18959
18287,20.289204,5.2163205,12.326938,4.859395
18288,20.271854,5.2145634,12.322313,4.8568673
18289,29.452595,6.144323,14.769678,6.1945252
18290,29.380533,6.1370254,14.750469,6.1840253
18291,24.694609,5.662468,13.501313,5.5012746
18292,24.777477,5.670861,13.523405,5.513348
18293,20.032795,5.1903534,12.258586,4.8220363
18294,20.059986,5.193107,12.265835,4.825998
18295,24.844961,5.677695,13.541393,5.523181
18296,20.15501,5.20273,12.291164,4.839843
18297,15.575505,4.7389507,11.070377,4.172597
18298,20.061367,5.193247,12.266202,4.826199
18299,24.852978,5.678507,13.543531,5.524349
18300,20.136787,5.2008843,12.286307,4.8371882
18301,29.504276,6.149557,14.783457,6.202055
18302,24.595947,5.6524763,13.475013,5.486899
18303,20.098417,5.1969986,12.276079,4.831597
18304,24.687931,5.661792,13.499533,5.500301
18305,24.931637,5.6864724,13.5645,5.53581
18306,20.109304,5.1981015,12.27898,4.8331833
18307,24.684399,5.6614347,13.498592,5.499787
18308,20.081215,5.195256,12.271493,4.829091
18309,20.185982,5.205867,12.299421,4.844355
18310,20.195347,5.206815,12.301918,4.8457203
18311,15.631805,4.7446527,11.085386,4.1807995
18312,20.221865,5.209501,12.308987,4.8495836
18313,24.715212,5.6645546,13.506805,5.5042763
18314,20.14224,5.201437,12.287761,4.8379827
18315,29.472,6.146288,14.774853,6.197352
18316,29.29265,6.128124,14.727041,6.1712203
18317,15.494854,4.730783,11.048878,4.1608453
18318,20.096388,5.1967936,12.275538,4.831301
18319,20.114288,5.198606,12.28031,4.83391
18320,24.769161,5.670018,13.521188,5.5121365
18321,20.01646,5.188699,12.2542305,4.819656
18322,20.26508,5.213877,12.320506,4.85588
18323,24.659145,5.658877,13.491859,5.496107
18324,24.727966,5.6658463,13.510206,5.5061345
18325,15.490891,4.7303824,11.047821,4.1602683
18326,15.658555,4.7473617,11.092517,4.1846976
18327,29.408112,6.1398177,14.75782,6.188044
18328,24.867527,5.6799808,13.547411,5.5264688
18329,29.290829,6.1279407,14.726557,6.1709557
18330,20.093464,5.196497,12.274757,4.830875
18331,15.407781,4.7219653,11.025666,4.1481586
18332,29.429129,6.1419463,14.763425,6.1911063
18333,24.6913,5.662133,13.500431,5.500791
18334,20.19412,5.2066917,12.301591,4.8455415
18335,20.105156,5.1976814,12.277876,4.832579
18336,29.539343,6.1531076,14.792805,6.2071652
18337,29.563335,6.155538,14.799202,6.2106605
18338,24.776623,5.6707745,13.523178,5.513224
18339,24.728458,5.6658955,13.510336,5.506206
18340,15.52181,4.733513,11.056063,4.164773
18341,24.806461,5.6737957,13.53113,5.517571
18342,29.430082,6.1420426,14.763679,6.1912446
18343,15.52461,4.733796,11.05681,4.165181
18344,20.172922,5.2045445,12.295939,4.8424525
18345,24.758211,5.668909,13.518269,5.5105414
18346,24.801975,5.6733413,13.529935,5.516917
18347,15.644027,4.74589,11.088644,4.1825805
18348,24.642963,5.657238,13.487546,5.493749
18349,29.514458,6.150588,14.786171,6.2035384
18350,29.412142,6.1402264,14.758896,6.188631
18351,20.179949,5.205256,12.297813,4.8434763
18352,24.85807,5.6790223,13.544889,5.525091
18353,15.4169855,4.722897,11.02812,4.1495
18354,24.777771,5.670891,13.523483,5.5133915
18355,20.231127,5.210439,12.311457,4.8509326
18356,29.35529,6.1344695,14.74374,6.180348
18357,24.822876,5.6754584,13.535507,5.519963
18358,15.495667,4.7308655,11.049095,4.160964
18359,24.679369,5.660925,13.4972515,5.4990535
18360,24.801487,5.6732917,13.529805,5.5168467
18361,24.78091,5.671208,13.524321,5.513849
18362,29.350973,6.134031,14.742589,6.1797185
18363,24.808956,5.6740484,13.5317955,5.5179353
18364,15.592532,4.7406754,11.074917,4.175078
18365,24.724022,5.665447,13.509155,5.5055594
18366,29.496048,6.148723,14.781261,6.2008557
18367,29.332706,6.1321816,14.73772,6.177057
18368,20.00422,5.187459,12.250967,4.817872
18369,29.30466,6.1293406,14.730244,6.172971
18370,20.202877,5.2075777,12.303925,4.846817
18371,24.660387,5.6590023,13.492191,5.496288
18372,29.480064,6.147105,14.777002,6.198528
18373,29.49037,6.1481485,14.77975,6.200029
18374,24.648544,5.6578035,13.489035,5.4945626
18375,24.700966,5.6631126,13.503009,5.5022006
18376,24.625162,5.6554346,13.4828,5.491155
18377,15.664756,4.7479897,11.09417,4.1856008
18378,15.47219,4.728488,11.042836,4.1575437
18379,29.319778,6.130872,14.734274,6.1751738
18380,20.087107,5.195853,12.273064,4.829949
18381,29.592964,6.158539,14.8071,6.2149773
18382,29.419561,6.140978,14.760874,6.189713
18383,29.494446,6.148561,14.780836,6.2006226
18384,15.466481,4.7279096,11.041315,4.156712
18385,29.352364,6.1341724,14.742961,6.179921
18386,15.355677,4.716688,11.011776,4.1405673
18387,24.909607,5.6842422,13.558627,5.5325994
18388,24.656862,5.6586456,13.491251,5.4957747
18389,20.095821,5.196736,12.275385,4.831219
18390,29.297134,6.1285787,14.728237,6.171874
18391,20.28953,5.2163534,12.327024,4.8594427
18392,20.316605,5.219095,12.334241,4.863387
18393,29.599586,6.1592093,14.808863,6.215943
18394,15.336448,4.7147408,11.006651,4.1377654
18395,29.480053,6.1471033,14.7769985,6.198525
18396,29.432444,6.142282,14.764307,6.191589
18397,15.449163,4.7261558,11.036697,4.1541886
18398,20.09103,5.196251,12.274109,4.83052
18399,24.6919,5.662194,13.500591,5.5008793
18400,15.596265,4.7410536,11.0759115,4.1756215
18401,24.740658,5.667132,13.51359,5.507983
18402,15.386415,4.7198014,11.01997,4.1450458
18403,20.280348,5.2154236,12.324576,4.858104
18404,24.836924,5.676881,13.539251,5.5220094
18405,29.46071,6.1451445,14.771842,6.1957073
18406,24.659702,5.6589336,13.492008,5.496188
18407,24.791605,5.6722913,13.52717,5.5154066
18408,29.406023,6.1396065,14.757266,6.1877394
18409,20.273243,5.2147036,12.322682,4.8570695
18410,20.274061,5.2147865,12.322901,4.8571887
18411,24.792376,5.6723695,13.527375,5.5155187
18412,15.652005,4.746698,11.090771,4.183743
18413,24.765673,5.669665,13.520258,5.5116277
18414,29.433147,6.142353,14.764494,6.191692
18415,15.45794,4.7270446,11.039038,4.1554675
18416,24.651003,5.6580515,13.48969,5.4949203
18417,24.699802,5.6629944,13.502698,5.502031
18418,15.583251,4.7397356,11.072443,4.1737256
18419,24.723885,5.6654334,13.509118,5.5055394
18420,24.744156,5.667486,13.514521,5.508493
18421,29.381351,6.137108,14.750687,6.184145
18422,15.359828,4.7171087,11.012883,4.1411724
18423,29.454185,6.1444845,14.770103,6.1947565
18424,15.618255,4.7432804,11.081774,4.1788254
18425,29.296864,6.1285515,14.728167,6.171835
18426,24.878838,5.6811256,13.550425,5.528116
18427,20.186647,5.205934,12.299599,4.844453
18428,15.610803,4.7425256,11.079788,4.17774
18429,24.846684,5.677869,13.541853,5.5234313
18430,24.870619,5.680293,13.548233,5.526919
18431,20.18675,5.205945,12.299625,4.844467
18432,29.436165,6.142659,14.765299,6.1921306
18433,15.405608,4.721745,11.025087,4.1478424
18434,29.573746,6.1565914,14.801975,6.212177
18435,24.902905,5.6835628,13.556841,5.5316234
18436,15.445287,4.7257633,11.035665,4.1536236
18437,24.835018,5.676688,13.538744,5.521732
18438,24.715973,5.6646314,13.5070095,5.5043874
18439,20.155832,5.2028136,12.291384,4.8399625
18440,24.848831,5.6780868,13.542426,5.523745
18441,24.871853,5.680418,13.548563,5.527099
18442,29.45923,6.1449947,14.771448,6.195492
18443,15.529338,4.734275,11.058071,4.16587
18444,24.941437,5.6874657,13.567112,5.5372376
18445,29.539986,6.1531734,14.792976,6.207258
18446,29.349865,6.1339197,14.742294,6.1795573
18447,24.954426,5.6887803,13.570575,5.5391297
18448,20.136595,5.2008653,12.286256,4.8371596
18449,24.942448,5.6875677,13.567381,5.5373845
18450,24.811089,5.674264,13.532365,5.518245
18451,24.777939,5.670907,13.523528,5.513416
18452,29.508938,6.150029,14.784699,6.2027345
18453,20.265879,5.2139583,12.32072,4.8559966
18454,29.466278,6.145709,14.773329,6.1965194
18455,24.850954,5.6783013,13.542992,5.524054
18456,15.378525,4.719002,11.017867,4.143896
18457,15.519196,4.733248,11.0553665,4.1643925
18458,29.514643,6.150606,14.786221,6.203566
18459,15.599562,4.7413874,11.076791,4.1761017
18460,24.753853,5.6684685,13.517107,5.509906
18461,15.590053,4.740424,11.074256,4.1747165
18462,24.812355,5.6743927,13.532703,5.51843
18463,15.530934,4.734437,11.0584955,4.166103
18464,29.371689,6.1361294,14.748112,6.182737
18465,29.527168,6.151875,14.789558,6.2053905
18466,29.372019,6.1361623,14.748199,6.1827846
18467,15.494664,4.730764,11.048826,4.160818
18468,29.581606,6.1573877,14.80407,6.2133226
18469,24.7194,5.664979,13.507923,5.5048866
18470,15.547058,4.73607,11.062794,4.168452
18471,20.026072,5.1896725,12.256792,4.821056
18472,15.578521,4.739256,11.071181,4.1730366
18473,15.381965,4.7193503,11.0187845,4.1443973
18474,15.354305,4.7165494,11.011412,4.1403675
18475,20.032814,5.1903553,12.258591,4.8220387
18476,24.894547,5.682716,13.554611,5.530405
18477,15.55222,4.7365932,11.064171,4.1692038
18478,29.38219,6.137193,14.750911,6.184266
18479,15.574845,4.738884,11.070202,4.1725006
18480,29.489134,6.1480227,14.77942,6.1998487
18481,15.330455,4.7141337,11.005053,4.1368923
18482,20.05144,5.192241,12.263556,4.8247523
18483,29.468761,6.1459594,14.77399,6.1968803
18484,29.535728,6.152742,14.79184,6.206638
18485,20.214216,5.2087264,12.306948,4.8484697
18486,15.664449,4.7479587,11.094088,4.185556
18487,15.515405,4.7328644,11.054357,4.1638403
18488,29.42332,6.1413574,14.761875,6.1902595
18489,24.788357,5.6719627,13.526304,5.514933
18490,15.353989,4.7165174,11.011326,4.140321
18491,24.937107,5.6870265,13.565958,5.5366063
18492,29.312405,6.130125,14.732307,6.174099
18493,24.79918,5.6730585,13.52919,5.51651
18494,15.42576,4.723786,11.030459,4.150779
18495,15.542125,4.7355704,11.06148,4.167733
18496,29.536846,6.1528554,14.792139,6.2068014
18497,15.598325,4.741262,11.076461,4.175922
18498,24.820667,5.675235,13.534918,5.519641
18499,20.286816,5.2160783,12.326301,4.8590465
18500,29.582,6.1574283,14.804176,6.21338
18501,29.400211,6.139017,14.755716,6.1868925
18502,20.121643,5.1993513,12.28227,4.834981
18503,29.284801,6.1273293,14.724949,6.170077
18504,24.765137,5.6696105,13.520115,5.5115504
18505,20.00153,5.187187,12.25025,4.8174806
18506,15.44416,4.7256494,11.035364,4.1534595
18507,15.672989,4.748823,11.096364,4.1868005
18508,15.560064,4.737387,11.066261,4.1703467
18509,15.429042,4.7241178,11.031333,4.1512566
18510,29.470217,6.146107,14.774378,6.1970925
18511,20.228199,5.210142,12.310677,4.8505073
18512,24.939674,5.6872864,13.566643,5.5369806
18513,24.938187,5.687136,13.566246,5.5367637
18514,24.930183,5.6863256,13.564113,5.5355983
18515,29.57306,6.156522,14.801792,6.2120767
18516,24.790728,5.672202,13.5269375,5.5152783
18517,15.501334,4.7314396,11.050606,4.16179
18518,15.429714,4.724186,11.031514,4.151355
18519,29.585823,6.1578145,14.805195,6.2139363
18520,29.533672,6.1525335,14.791292,6.2063384
18521,24.68929,5.6619296,13.499897,5.5004992
18522,29.547497,6.153934,14.794978,6.208352
18523,29.408936,6.1399016,14.758041,6.188164
18524,20.253454,5.2127,12.317408,4.8541865
18525,15.568181,4.7382092,11.068424,4.1715293
18526,24.718622,5.6649,13.507715,5.5047727
18527,20.275585,5.214941,12.323307,4.857411
18528,24.6735,5.660331,13.4956875,5.498199
18529,24.729832,5.666035,13.510703,5.506406
18530,24.745094,5.6675806,13.514772,5.50863
18531,24.844234,5.6776214,13.541201,5.5230746
18532,29.289425,6.1277986,14.726182,6.1707506
18533,15.514161,4.7327385,11.054025,4.1636586
18534,29.55922,6.1551204,14.798103,6.2100606
18535,15.410868,4.7222776,11.026489,4.1486087
18536,20.271118,5.2144885,12.322117,4.8567595
18537,24.646812,5.6576276,13.488571,5.49431
18538,15.578566,4.739261,11.071194,4.173043
18539,24.899525,5.6832204,13.55594,5.5311303
18540,29.576954,6.156916,14.80283,6.212644
18541,24.798862,5.6730266,13.529106,5.516464
18542,20.164463,5.2036877,12.293684,4.8412204
18543,29.476421,6.1467357,14.7760315,6.1979966
18544,15.547954,4.7361608,11.063032,4.1685824
18545,20.120323,5.1992173,12.281918,4.834789
18546,29.383377,6.137313,14.751228,6.1844397
18547,24.856415,5.6788545,13.544447,5.5248494
18548,20.209164,5.2082148,12.305601,4.847733
18549,20.219545,5.2092657,12.308368,4.8492455
18550,24.86259,5.6794806,13.546093,5.525749
18551,29.377033,6.13667,14.7495365,6.183515
18552,15.47145,4.7284126,11.042639,4.1574354
18553,29.458778,6.144949,14.771328,6.1954265
18554,24.820957,5.675264,13.534994,5.5196834
18555,24.647163,5.6576633,13.488667,5.494361
18556,24.739689,5.667033,13.51333,5.5078425
18557,15.529042,4.7342453,11.057992,4.165827
18558,20.076323,5.1947613,12.270189,4.828378
18559,15.381066,4.7192593,11.018545,4.1442666
18560,24.968395,5.6901956,13.574299,5.5411654
18561,29.477211,6.146816,14.776241,6.198112
18562,24.900536,5.683323,13.55621,5.531278
18563,24.846642,5.677865,13.541842,5.5234256
18564,15.423671,4.723574,11.029902,4.150474
18565,20.24495,5.2118387,12.315141,4.852947
18566,29.559387,6.1551375,14.798148,6.2100844
18567,15.37716,4.718864,11.017504,4.1436973
18568,24.80309,5.6734543,13.530232,5.51708
18569,24.7664,5.669739,13.520451,5.511734
18570,19.984543,5.1854663,12.245722,4.8150053
18571,24.888601,5.6821146,13.553028,5.529539
18572,24.81754,5.6749177,13.534083,5.519185
18573,20.30703,5.2181253,12.33169,4.8619924
18574,29.362526,6.1352015,14.745669,6.1814017
18575,24.711653,5.664194,13.505857,5.503758
18576,20.21369,5.208673,12.306808,4.848393
18577,24.823101,5.6754813,13.535566,5.519996
18578,20.277561,5.2151413,12.323833,4.8576984
18579,20.213964,5.2087007,12.306881,4.8484325
18580,24.678967,5.6608844,13.497145,5.4989953
18581,29.59978,6.159229,14.808916,6.2159696
18582,29.433493,6.1423883,14.764587,6.1917415
18583,20.22339,5.2096553,12.309393,4.8498063
18584,20.099304,5.1970887,12.276316,4.8317266
18585,20.1787,5.205129,12.297481,4.843295
18586,24.699211,5.6629343,13.502542,5.5019455
18587,20.097466,5.1969023,12.2758255,4.8314586
18588,24.88121,5.681366,13.551056,5.528463
18589,24.901897,5.6834607,13.556572,5.5314765
18590,24.833466,5.676531,13.53833,5.521506
18591,24.824095,5.6755815,13.535831,5.520141
18592,24.75941,5.6690307,13.518589,5.510716
18593,24.67495,5.6604776,13.496075,5.4984097
18594,20.271679,5.2145457,12.322266,4.8568416
18595,24.869236,5.6801534,13.547865,5.5267177
18596,15.406362,4.721821,11.025288,4.1479516
18597,24.892403,5.682499,13.554041,5.530093
18598,20.194445,5.206724,12.301678,4.8455887
18599,20.309528,5.2183785,12.3323555,4.862356
18600,15.418973,4.7230983,11.028649,4.14979
18601,20.039099,5.1909914,12.260265,4.822954
18602,24.719126,5.6649513,13.507849,5.504847
18603,29.571007,6.156315,14.801245,6.2117777
18604,15.580666,4.7394733,11.071753,4.1733484
18605,15.382738,4.719429,11.0189905,4.14451
18606,15.458079,4.727059,11.039075,4.1554875
18607,29.371815,6.1361423,14.748146,6.182756
18608,24.735477,5.666607,13.512208,5.507229
18609,29.53989,6.1531634,14.792951,6.2072434
18610,20.052769,5.192376,12.26391,4.824946
18611,20.184246,5.205691,12.298958,4.8441024
18612,29.473581,6.1464486,14.775276,6.197583
18613,15.649059,4.7464,11.089985,4.1833134
18614,15.440724,4.7253013,11.034449,4.152959
18615,15.606883,4.7421284,11.078742,4.177169
18616,29.348768,6.1338086,14.7420025,6.1793976
18617,29.389294,6.1379123,14.752804,6.1853013
18618,24.699886,5.663002,13.502721,5.5020432
18619,15.479466,4.729225,11.044777,4.158604
18620,15.683185,4.749856,11.099083,4.188286
18621,24.74952,5.668029,13.515951,5.509275
18622,20.290825,5.216484,12.32737,4.859631
18623,29.572952,6.156512,14.801765,6.212062
18624,20.30806,5.2182293,12.331964,4.8621426
18625,20.202274,5.207517,12.303764,4.8467293
18626,20.109947,5.1981664,12.279152,4.8332763
18627,20.216326,5.20894,12.30751,4.8487763
18628,29.369846,6.135943,14.747622,6.182469
18629,24.818192,5.6749835,13.534258,5.519281
18630,24.933458,5.6866574,13.564985,5.536075
18631,20.06783,5.193901,12.267923,4.8271403
18632,20.023785,5.1894403,12.256184,4.820723
18633,20.193043,5.2065816,12.301304,4.845384
18634,20.112823,5.1984577,12.279919,4.833697
18635,20.327328,5.2201815,12.337101,4.8649497
18636,24.84409,5.6776066,13.541161,5.5230536
18637,24.836735,5.676862,13.539201,5.5219827
18638,29.274036,6.12624,14.72208,6.168508
18639,20.065016,5.1936164,12.267174,4.8267303
18640,20.229109,5.210234,12.310919,4.8506393
18641,24.7318,5.6662345,13.511229,5.5066934
18642,20.218664,5.209176,12.308132,4.8491173
18643,29.549992,6.1541862,14.795643,6.208716
18644,29.440739,6.1431212,14.766518,6.192798
18645,15.502828,4.7315907,11.0510025,4.1620073
18646,20.122782,5.1994667,12.282574,4.8351474
18647,20.09636,5.1967907,12.27553,4.8312974
18648,29.362865,6.1352363,14.74576,6.1814513
18649,24.951141,5.6884484,13.569699,5.5386515
18650,20.243048,5.211646,12.314634,4.85267
18651,24.662132,5.659179,13.492655,5.496542
18652,15.338287,4.714927,11.007141,4.1380334
18653,29.477184,6.1468134,14.776234,6.198108
18654,24.933144,5.6866255,13.564901,5.5360293
18655,20.131622,5.2003617,12.284931,4.8364353
18656,20.21046,5.2083454,12.305947,4.847923
18657,15.616369,4.743089,11.081271,4.1785507
18658,20.088724,5.1960173,12.273495,4.8301845
18659,20.277859,5.215172,12.323914,4.857742
18660,29.307535,6.1296325,14.731011,6.17339
18661,24.771254,5.6702304,13.521744,5.5124407
18662,20.158161,5.203049,12.292005,4.840302
18663,15.513607,4.732682,11.053877,4.163578
18664,15.504388,4.7317486,11.051419,4.162235
18665,24.696629,5.662673,13.501852,5.5015683
18666,20.143147,5.2015285,12.288002,4.8381143
18667,24.784557,5.6715775,13.525291,5.514379
18668,29.35382,6.13432,14.743349,6.180134
18669,15.596716,4.7410994,11.076032,4.1756873
18670,29.342224,6.1331453,14.740257,6.178444
18671,20.281326,5.215523,12.324838,4.8582473
18672,15.645404,4.74603,11.089011,4.182781
18673,15.396708,4.7208433,11.022715,4.1465454
18674,24.754936,5.6685777,13.517395,5.510064
18675,20.127474,5.1999416,12.283825,4.8358307
18676,20.238876,5.2112236,12.313521,4.8520627
18677,24.93895,5.6872134,13.566449,5.5368752
18678,29.303595,6.1292334,14.7299595,6.1728153
18679,15.570991,4.738494,11.069174,4.171939
18680,29.451927,6.1442556,14.769502,6.194428
18681,20.042183,5.191304,12.261087,4.823403
18682,29.499466,6.1490693,14.782174,6.201354
18683,20.055603,5.192663,12.264666,4.825359
18684,24.88615,5.6818657,13.552373,5.529182
18685,20.054974,5.1925993,12.264498,4.8252673
18686,20.067043,5.1938214,12.267715,4.827026
18687,24.73198,5.6662526,13.511275,5.506719
18688,24.821608,5.675329,13.535168,5.519778
18689,29.430351,6.14207,14.763749,6.191283
18690,15.380672,4.7192197,11.01844,4.1442094
18691,20.034864,5.1905627,12.259136,4.8223367
18692,29.509132,6.1500483,14.784749,6.2027626
18693,24.763388,5.6694336,13.5196495,5.5112953
18694,15.541957,4.7355537,11.061435,4.167709
18695,20.27541,5.214924,12.323261,4.857385
18696,24.677822,5.660768,13.496838,5.498828
18697,29.46363,6.145441,14.772621,6.1961336
18698,29.601957,6.159449,14.809496,6.2162867
18699,20.158123,5.203046,12.291995,4.8402963
18700,29.425043,6.1415324,14.762335,6.1905103
18701,24.975967,5.690962,13.576317,5.5422688
18702,29.388035,6.1377845,14.75247,6.185118
18703,20.202873,5.207577,12.303925,4.8468165
18704,15.402547,4.721435,11.024271,4.147396
18705,20.264183,5.2137866,12.320269,4.8557496
18706,24.774384,5.6705465,13.522579,5.5128975
18707,24.891209,5.6823783,13.553722,5.529919
18708,20.020054,5.189063,12.255189,4.82018
18709,15.532638,4.7346096,11.05895,4.166351
18710,20.064617,5.193576,12.267068,4.826672
18711,20.168354,5.2040815,12.2947235,4.841787
18712,29.471828,6.1462708,14.774807,6.197327
18713,24.693449,5.6623507,13.501004,5.501106
18714,24.68671,5.661669,13.499209,5.5001235
18715,20.067238,5.193841,12.267767,4.8270545
18716,20.127722,5.199967,12.283891,4.8358665
18717,24.631557,5.656083,13.484507,5.492088
18718,15.364549,4.7175865,11.014142,4.14186
18719,24.932137,5.686523,13.564633,5.5358825
18720,24.660484,5.659013,13.492218,5.4963026
18721,20.18058,5.20532,12.297981,4.843569
18722,29.471771,6.1462655,14.774792,6.197319
18723,29.498055,6.1489263,14.781799,6.2011485
18724,20.26737,5.214109,12.3211155,4.856214
18725,24.83152,5.6763334,13.537811,5.5212226
18726,29.51724,6.15087,14.786913,6.203944
18727,29.386126,6.1375914,14.751961,6.18484
18728,15.548085,4.736174,11.063068,4.1686015
18729,15.661377,4.7476473,11.093269,4.1851087
18730,20.196148,5.2068963,12.302132,4.845837
18731,15.620585,4.7435164,11.082395,4.179165
18732,29.282803,6.127127,14.724417,6.169785
18733,24.736671,5.666728,13.512527,5.5074034
18734,20.062992,5.193412,12.266635,4.8264356
18735,24.766264,5.6697254,13.520415,5.5117145
18736,29.292492,6.128109,14.727001,6.1711974
18737,20.19992,5.2072787,12.303137,4.8463864
18738,15.429054,4.7241197,11.031338,4.1512585
18739,15.550899,4.736459,11.063818,4.169011
18740,29.430191,6.1420536,14.763706,6.191261
18741,24.680878,5.661078,13.497654,5.499273
18742,15.528136,4.7341537,11.057751,4.165695
18743,20.31098,5.218526,12.332743,4.8625684
18744,20.287657,5.2161636,12.326526,4.85917
18745,15.549617,4.7363296,11.063477,4.1688247
18746,29.506506,6.1497827,14.784051,6.2023807
18747,15.519025,4.733231,11.055321,4.1643677
18748,29.462933,6.1453695,14.772434,6.196031
18749,15.54456,4.735817,11.062129,4.168088
18750,29.355309,6.13447,14.743744,6.18035
18751,20.290838,5.2164855,12.3273735,4.859633
18752,29.49279,6.148393,14.7803955,6.2003813
18753,20.143885,5.2016034,12.288199,4.8382215
18754,20.124796,5.1996703,12.283112,4.8354406
18755,20.159254,5.2031603,12.292295,4.8404613
18756,29.298586,6.128726,14.728624,6.1720853
18757,15.573169,4.738714,11.069755,4.1722565
18758,24.69009,5.66201,13.500111,5.5006156
18759,15.553012,4.7366734,11.064383,4.1693196
18760,24.800247,5.6731663,13.529474,5.5166655
18761,20.072947,5.1944194,12.269289,4.827886
18762,20.144945,5.201711,12.288482,4.838376
18763,29.334084,6.1323204,14.738087,6.177257
18764,24.862675,5.679489,13.546116,5.5257616
18765,20.211243,5.2084246,12.306154,4.848036
18766,24.873804,5.680616,13.549082,5.5273833
18767,24.883312,5.6815786,13.551619,5.5287685
18768,15.545083,4.73587,11.062267,4.1681643
18769,29.340073,6.1329274,14.739684,6.17813
18770,24.8782,5.6810617,13.550256,5.5280247
18771,20.131525,5.2003517,12.2849045,4.8364205
18772,15.371387,4.718279,11.0159645,4.142856
18773,29.376787,6.1366463,14.74947,6.18348
18774,15.487877,4.7300763,11.047018,4.1598287
18775,29.612873,6.160555,14.812407,6.217878
18776,29.324074,6.1313076,14.735419,6.175799
18777,20.081999,5.1953363,12.271702,4.829205
18778,20.00329,5.1873655,12.25072,4.8177366
18779,20.103052,5.1974683,12.277314,4.8322725
18780,24.923086,5.6856065,13.562221,5.534564
18781,29.32497,6.131398,14.735659,6.17593
18782,24.735756,5.666635,13.512282,5.5072694
18783,29.250078,6.1238136,14.715694,6.1650176
18784,20.191538,5.2064295,12.300902,4.845165
18785,29.550377,6.1542253,14.795747,6.2087717
18786,24.836575,5.676845,13.539159,5.521959
18787,15.528557,4.734196,11.057862,4.165756
18788,15.434693,4.7246904,11.032841,4.15208
18789,24.724247,5.66547,13.509216,5.505593
18790,20.263592,5.213727,12.32011,4.855664
18791,24.890467,5.6823034,13.553525,5.5298114
18792,15.410759,4.7222667,11.026461,4.148593
18793,20.054804,5.192582,12.264452,4.8252425
18794,29.481302,6.14723,14.777333,6.1987076
18795,15.590564,4.7404757,11.074392,4.174791
18796,29.486198,6.147726,14.778638,6.1994205
18797,24.800701,5.6732125,13.529596,5.516732
18798,24.689781,5.6619797,13.500027,5.500571
18799,20.172888,5.2045407,12.295931,4.8424478
18800,29.514118,6.1505537,14.786079,6.20349
18801,20.065294,5.193644,12.267248,4.8267713
18802,15.493651,4.7306614,11.048557,4.1606703
18803,24.645811,5.6575265,13.488306,5.494164
18804,29.531788,6.1523433,14.790792,6.206064
18805,24.819345,5.6751003,13.534565,5.5194483
18806,15.409432,4.722132,11.026107,4.1483994
18807,20.18797,5.206068,12.299952,4.844645
18808,15.415723,4.7227693,11.027783,4.149316
18809,24.902699,5.683542,13.556786,5.531594
18810,20.073927,5.194519,12.26955,4.828029
18811,29.357578,6.1347003,14.74435,6.1806803
18812,29.255642,6.124377,14.717176,6.165828
18813,20.023315,5.189393,12.256059,4.820655
18814,20.308228,5.218247,12.332009,4.862167
18815,15.344348,4.715541,11.008757,4.1389165
18816,20.301659,5.2175813,12.330257,4.8612094
18817,24.94508,5.6878347,13.568085,5.537769
18818,24.756516,5.6687374,13.517817,5.510294
18819,29.593897,6.1586328,14.807347,6.215113
18820,29.407457,6.139752,14.757647,6.187948
18821,15.39914,4.72109,11.023363,4.1469
18822,24.93974,5.687293,13.56666,5.53699
18823,29.412304,6.1402426,14.75894,6.1886544
18824,29.44806,6.1438637,14.768469,6.193864
18825,29.536514,6.1528215,14.792051,6.2067523
18826,20.127684,5.1999626,12.28388,4.835861
18827,15.396358,4.720808,11.022621,4.1464944
18828,29.579725,6.157198,14.80357,6.213048
18829,29.285725,6.1274233,14.725195,6.1702113
18830,29.236881,6.122476,14.712175,6.1630955
18831,20.135674,5.200772,12.286011,4.837025
18832,20.098326,5.196989,12.276054,4.8315835
18833,15.39207,4.7203736,11.021479,4.1458697
18834,20.1473,5.2019496,12.28911,4.838719
18835,20.03666,5.190745,12.259616,4.822599
18836,24.84546,5.6777453,13.541528,5.523254
18837,24.955364,5.6888757,13.570826,5.5392666
18838,29.371834,6.136144,14.74815,6.1827574
18839,29.421661,6.14119,14.761434,6.1900177
18840,15.43773,4.7249975,11.033649,4.1525226
18841,20.195492,5.2068305,12.301956,4.8457413
18842,29.44701,6.143757,14.76819,6.193711
18843,20.164528,5.2036943,12.293703,4.84123
18844,15.607047,4.7421455,11.078786,4.1771927
18845,20.218678,5.209178,12.308136,4.8491197
18846,24.866102,5.679836,13.5470295,5.5262613
18847,19.981775,5.1851864,12.244984,4.814602
18848,20.205284,5.2078214,12.304567,4.8471684
18849,15.414707,4.7226663,11.027513,4.149168
18850,24.818386,5.6750035,13.534309,5.5193086
18851,29.510439,6.150181,14.785101,6.202954
18852,19.998194,5.1868486,12.249361,4.8169937
18853,15.624476,4.7439103,11.083432,4.179732
18854,15.533793,4.7347264,11.0592575,4.166519
18855,20.137793,5.2009864,12.286574,4.837334
18856,24.833717,5.676556,13.538397,5.5215425
18857,29.506847,6.1498175,14.7841425,6.2024293
18858,15.661883,4.747699,11.093404,4.185182
18859,24.83817,5.6770077,13.539584,5.5221906
18860,24.781275,5.671245,13.524418,5.513901
18861,24.639164,5.6568527,13.486532,5.493195
18862,29.521938,6.1513453,14.788164,6.2046285
18863,24.9127,5.684555,13.559452,5.53305
18864,29.344292,6.133355,14.7408085,6.178745
18865,20.17316,5.204568,12.296003,4.842488
18866,29.520332,6.151183,14.787737,6.2043943
18867,15.546224,4.7359853,11.0625725,4.16833
18868,15.416329,4.7228312,11.0279455,4.1494045
18869,15.654429,4.746944,11.091417,4.1840963
18870,24.876965,5.680936,13.549925,5.527844
18871,20.08944,5.1960897,12.273685,4.830289
18872,20.265717,5.213941,12.320676,4.8559732
18873,29.381964,6.1371694,14.750851,6.1842337
18874,24.968071,5.690163,13.574213,5.541118
18875,15.511182,4.7324367,11.05323,4.1632247
18876,20.090351,5.1961823,12.273929,4.830422
18877,29.39841,6.1388354,14.755236,6.1866307
18878,24.726532,5.665701,13.509824,5.5059257
18879,29.38052,6.137024,14.750465,6.1840234
18880,20.223541,5.20967,12.309434,4.8498282
18881,29.47646,6.1467395,14.776042,6.1980023
18882,29.41726,6.140744,14.76026,6.189376
18883,20.071445,5.1942673,12.268888,4.8276668
18884,20.125187,5.19971,12.2832155,4.8354974
18885,20.052404,5.1923394,12.263813,4.824893
18886,29.387669,6.1377473,14.752373,6.1850653
18887,20.14159,5.201371,12.287588,4.837888
18888,15.3811035,4.719263,11.018555,4.144272
18889,15.56389,4.737775,11.067282,4.1709046
18890,24.669508,5.659926,13.494623,5.497617
18891,20.251495,5.2125015,12.316885,4.853901
18892,29.444897,6.1435432,14.767628,6.1934037
18893,15.4889345,4.7301836,11.047299,4.159983
18894,20.115696,5.1987486,12.280685,4.8341146
18895,20.288458,5.2162447,12.326738,4.859287
18896,24.822517,5.675422,13.535411,5.5199103
18897,19.995295,5.1865554,12.248589,4.8165717
18898,24.664455,5.659414,13.493275,5.496881
18899,15.425694,4.723779,11.030441,4.1507688
18900,20.206028,5.207897,12.304765,4.8472767
18901,24.792473,5.6723785,13.527401,5.515533
18902,20.03937,5.191019,12.260338,4.8229938
18903,15.377313,4.718879,11.017545,4.1437197
18904,24.691519,5.662155,13.500489,5.500824
18905,20.196045,5.2068863,12.302103,4.845822
18906,20.09405,5.1965566,12.274914,4.8309608
18907,20.2014,5.2074285,12.303532,4.846602
18908,20.035482,5.190625,12.259302,4.8224273
18909,24.741074,5.6671734,13.5137005,5.5080442
18910,15.558972,4.737276,11.065969,4.1701875
18911,15.394084,4.7205777,11.022015,4.146163
18912,15.40981,4.7221704,11.026207,4.148454
18913,20.18351,5.2056165,12.298761,4.843995
18914,24.789062,5.672034,13.526492,5.5150356
18915,20.058887,5.192995,12.265539,4.8258376
18916,15.528127,4.734153,11.057748,4.1656938
18917,15.624122,4.7438745,11.083338,4.1796803
18918,24.842209,5.6774163,13.540661,5.52278
18919,20.026426,5.189708,12.256887,4.821108
18920,29.479916,6.1470895,14.776962,6.198506
18921,20.018185,5.188874,12.25469,4.819907
18922,24.82735,5.6759114,13.536699,5.520615
18923,20.18925,5.2061977,12.300293,4.844832
18924,20.304173,5.2178364,12.330928,4.861576
18925,20.148016,5.202022,12.289301,4.838824
18926,20.187178,5.205988,12.29974,4.8445296
18927,15.558231,4.7372017,11.065773,4.17008
18928,20.189642,5.206238,12.300396,4.844888
18929,20.130814,5.20028,12.284715,4.8363175
18930,29.459389,6.1450105,14.771491,6.1955147
18931,20.064653,5.1935797,12.267077,4.826678
18932,24.808756,5.6740284,13.531743,5.517905
18933,15.417035,4.7229023,11.028132,4.149507
18934,15.3454485,4.715652,11.00905,4.1390767
18935,29.300251,6.128895,14.729069,6.1723285
18936,29.32108,6.131004,14.734621,6.1753635
18937,29.395287,6.1385193,14.754402,6.186175
18938,29.580809,6.1573076,14.803858,6.213206
18939,15.679769,4.7495103,11.098171,4.187788
18940,15.645881,4.746078,11.089138,4.1828513
18941,15.371837,4.718325,11.016085,4.142922
18942,24.769325,5.670035,13.521231,5.512161
18943,19.982376,5.1852474,12.245144,4.8146896
18944,24.725513,5.665598,13.509553,5.505777
18945,20.175682,5.204824,12.296676,4.842855
18946,24.701357,5.6631517,13.503113,5.502258
18947,24.924381,5.685738,13.562565,5.534753
18948,15.651689,4.7466664,11.090687,4.1836967
18949,15.392455,4.7204127,11.021581,4.145926
18950,29.401066,6.1391044,14.755944,6.187017
18951,24.79966,5.673107,13.529318,5.51658
18952,29.259308,6.124748,14.718155,6.1663623
18953,15.489579,4.730249,11.047472,4.160077
18954,20.252434,5.212597,12.317136,4.854038
18955,19.974321,5.1844316,12.242998,4.813516
18956,15.537208,4.735072,11.060168,4.1670165
18957,15.404595,4.7216425,11.0248165,4.1476946
18958,24.674852,5.6604676,13.496048,5.498396
18959,15.6085005,4.742293,11.079174,4.1774044
18960,24.684704,5.6614647,13.4986725,5.4998307
18961,24.723965,5.6654415,13.50914,5.505552
18962,15.412942,4.722488,11.027042,4.148911
18963,29.28939,6.1277947,14.726175,6.1707454
18964,15.457698,4.7270203,11.038974,4.155432
18965,29.564789,6.155685,14.799587,6.210872
18966,24.860302,5.6792483,13.545484,5.525416
18967,15.486082,4.7298946,11.04654,4.159568
18968,29.567314,6.155941,14.800261,6.21124
18969,20.149555,5.2021775,12.289711,4.8390484
18970,24.661976,5.6591635,13.492615,5.49652
18971,24.837458,5.6769342,13.539393,5.5220876
18972,15.4847975,4.729765,11.046197,4.15938
18973,15.459408,4.7271934,11.039429,4.155681
18974,29.49915,6.149038,14.78209,6.201308
18975,24.925728,5.685874,13.562924,5.5349493
18976,15.377574,4.7189054,11.017613,4.1437573
18977,20.098217,5.1969786,12.276026,4.831568
18978,20.135553,5.2007594,12.285978,4.837008
18979,20.045673,5.191657,12.262018,4.823912
18980,15.388206,4.7199826,11.020448,4.1453066
18981,29.378056,6.1367736,14.749809,6.183664
18982,24.59933,5.652819,13.475916,5.487392
18983,24.851665,5.6783733,13.543182,5.5241575
18984,29.215054,6.120266,14.706356,6.159915
18985,29.473576,6.146448,14.775272,6.1975822
18986,29.446009,6.143656,14.767925,6.193565
18987,15.554396,4.736813,11.064751,4.1695213
18988,29.428286,6.141861,14.763199,6.190983
18989,20.271645,5.2145424,12.322257,4.856837
18990,15.466719,4.727934,11.041379,4.1567464
18991,15.515048,4.732828,11.054261,4.1637883
18992,20.195019,5.2067823,12.30183,4.8456726
18993,24.885141,5.6817636,13.552105,5.529035
18994,29.58829,6.1580653,14.805852,6.214296
18995,24.757483,5.668835,13.518072,5.5104346
18996,24.945103,5.687837,13.56809,5.5377717
18997,24.693714,5.662378,13.501075,5.5011435
18998,24.832905,5.6764736,13.53818,5.521424
18999,24.915586,5.684848,13.560221,5.5334716
19000,20.181286,5.2053914,12.29817,4.8436713
19001,24.904537,5.6837277,13.557275,5.531861
19002,15.654546,4.7469554,11.091448,4.1841135
19003,20.274292,5.2148104,12.322963,4.857223
19004,24.6839,5.6613836,13.49846,5.499714
19005,29.409979,6.140007,14.75832,6.188316
19006,15.494895,4.7307873,11.048889,4.1608515
19007,20.167398,5.2039843,12.294467,4.8416476
19008,15.417267,4.722926,11.028195,4.1495414
19009,29.446655,6.1437216,14.768095,6.193659
19010,24.84126,5.67732,13.540408,5.522641
19011,29.317623,6.130654,14.7337,6.174859
19012,15.580695,4.7394767,11.07176,4.173353
19013,20.262245,5.21359,12.319752,4.8554673
19014,20.234524,5.2107825,12.312361,4.8514285
19015,20.313536,5.2187843,12.333424,4.8629403
19016,20.194895,5.20677,12.301797,4.845654
19017,24.779516,5.6710668,13.523948,5.5136456
19018,24.787247,5.6718497,13.526009,5.514772
19019,20.276018,5.214985,12.323422,4.8574743
19020,29.565487,6.1557555,14.799774,6.2109737
19021,24.8344,5.6766257,13.53858,5.5216417
19022,15.599044,4.741335,11.076653,4.1760263
19023,24.80885,5.674037,13.531767,5.5179186
19024,29.265732,6.125399,14.719866,6.167299
19025,15.501806,4.7314873,11.050732,4.1618586
19026,20.000713,5.1871037,12.250032,4.8173614
19027,29.524958,6.1516514,14.78897,6.205069
19028,24.64663,5.65761,13.4885235,5.494283
19029,29.363453,6.1352954,14.745916,6.1815367
19030,29.465382,6.145618,14.773088,6.196388
19031,20.095013,5.1966543,12.275171,4.831101
19032,24.797691,5.6729074,13.528793,5.516293
19033,20.210804,5.2083807,12.306038,4.8479724
19034,15.597241,4.741152,11.076172,4.1757636
19035,20.28379,5.2157717,12.325495,4.858607
19036,24.902048,5.683476,13.556613,5.531499
19037,24.714977,5.6645308,13.506744,5.5042424
19038,15.52638,4.733976,11.0572815,4.165439
19039,15.584179,4.7398295,11.07269,4.1738605
19040,15.386176,4.719777,11.019907,4.145011
19041,20.183983,5.205664,12.298889,4.844064
19042,29.567177,6.1559267,14.800224,6.21122
19043,24.985573,5.6919346,13.578878,5.543668
19044,20.11473,5.1986513,12.280428,4.833974
19045,20.169968,5.204245,12.295152,4.8420224
19046,24.644543,5.6573977,13.487967,5.493979
19047,29.381157,6.137088,14.750635,6.1841164
19048,20.071505,5.1942735,12.268905,4.8276763
19049,29.390207,6.1380043,14.753048,6.185435
19050,24.797646,5.672903,13.52878,5.5162864
19051,29.327888,6.1316934,14.736436,6.176355
19052,20.181976,5.2054615,12.298353,4.8437715
19053,20.148483,5.2020693,12.289425,4.8388915
19054,24.787003,5.6718254,13.525944,5.5147357
19055,15.466769,4.727939,11.041391,4.156754
19056,29.5845,6.1576805,14.804841,6.2137437
19057,29.543339,6.1535125,14.793871,6.207747
19058,15.483903,4.7296743,11.0459585,4.15925
19059,20.101557,5.197317,12.276916,4.8320546
19060,15.49064,4.730356,11.047755,4.1602316
19061,20.02202,5.1892624,12.2557125,4.8204656
19062,24.825727,5.675747,13.536267,5.520378
19063,24.700405,5.6630554,13.502858,5.5021186
19064,24.90228,5.6834993,13.556674,5.5315323
19065,24.843052,5.677501,13.540886,5.5229025
19066,24.915836,5.6848726,13.560287,5.533508
19067,24.708885,5.6639147,13.505119,5.5033545
19068,15.595933,4.7410197,11.075823,4.1755733
19069,29.412014,6.140213,14.758862,6.1886125
19070,15.55504,4.7368784,11.064922,4.1696153
19071,15.41219,4.7224116,11.026842,4.1488013
19072,29.588963,6.1581335,14.806032,6.214394
19073,20.178417,5.205101,12.297405,4.8432536
19074,29.430962,6.1421323,14.763914,6.1913733
19075,24.695621,5.6625705,13.501583,5.501421
19076,15.576201,4.7390213,11.070564,4.172698
19077,15.625339,4.7439976,11.083662,4.1798573
19078,29.400097,6.139006,14.755686,6.186876
19079,29.431187,6.1421547,14.763974,6.191406
19080,15.653828,4.746883,11.091256,4.1840086
19081,24.954102,5.6887474,13.570488,5.5390825
19082,24.777676,5.670881,13.523457,5.5133767
19083,24.651472,5.658099,13.489815,5.4949884
19084,15.649987,4.746494,11.090233,4.1834493
19085,15.480613,4.7293406,11.045082,4.158771
19086,20.209835,5.2082825,12.305779,4.8478312
19087,15.570399,4.738434,11.069016,4.171853
19088,24.856865,5.6789007,13.544567,5.5249147
19089,20.069546,5.194075,12.268383,4.8273907
19090,15.433922,4.7246127,11.032636,4.1519675
19091,15.416211,4.7228184,11.027914,4.1493874
19092,29.47558,6.1466503,14.775806,6.1978736
19093,15.660247,4.747533,11.092968,4.184944
19094,15.638125,4.7452927,11.08707,4.1817207
19095,29.61876,6.161151,14.813974,6.218735
19096,20.191326,5.2064085,12.300846,4.8451343
19097,15.542655,4.7356243,11.061621,4.1678104
19098,20.192928,5.20657,12.301273,4.845368
19099,24.619556,5.654867,13.481306,5.4903383
19100,20.18966,5.2062387,12.3004,4.844891
19101,20.227966,5.2101183,12.310613,4.8504725
19102,24.920563,5.6853514,13.561548,5.5341964
19103,29.432844,6.142322,14.764414,6.191647
19104,29.284155,6.127264,14.724777,6.169983
19105,24.759287,5.6690183,13.518557,5.510698
19106,19.990614,5.1860814,12.24734,4.81589
19107,15.567958,4.738187,11.068366,4.171497
19108,15.651711,4.746669,11.0906925,4.1837
19109,15.357373,4.71686,11.012228,4.1408143
19110,24.669842,5.65996,13.494711,5.497665
19111,24.64753,5.657701,13.488764,5.494415
19112,29.543842,6.1535645,14.794004,6.20782
19113,15.528487,4.734189,11.057843,4.1657457
19114,15.351247,4.7162395,11.010595,4.1399217
19115,29.37927,6.136897,14.7501335,6.1838417
19116,20.0892,5.196066,12.273622,4.830254
19117,20.22725,5.210046,12.310422,4.850368
19118,29.49101,6.1482143,14.779921,6.2001224
19119,15.505103,4.731821,11.05161,4.162339
19120,24.862482,5.679469,13.546065,5.5257335
19121,20.059002,5.1930075,12.265572,4.825855
19122,24.870605,5.680292,13.548231,5.5269175
19123,20.15026,5.202249,12.289898,4.8391504
19124,24.696442,5.662654,13.501802,5.5015416
19125,29.386993,6.137679,14.75219,6.184967
19126,29.590147,6.158253,14.806348,6.214567
19127,24.866352,5.6798615,13.547096,5.526297
19128,24.899689,5.683237,13.555983,5.5311546
19129,29.308064,6.129686,14.731151,6.173466
19130,24.695963,5.6626053,13.501675,5.5014715
19131,20.14942,5.202164,12.289675,4.839029
19132,20.18526,5.2057934,12.299229,4.84425
19133,29.457466,6.1448164,14.770979,6.195235
19134,15.455703,4.7268186,11.038442,4.1551414
19135,15.567537,4.7381444,11.0682535,4.171436
19136,24.971127,5.690471,13.575027,5.5415635
19137,20.22315,5.2096305,12.309329,4.849771
19138,20.222187,5.2095337,12.3090725,4.849631
19139,15.532368,4.7345824,11.058878,4.1663117
19140,29.418983,6.140919,14.760721,6.189628
19141,24.749044,5.6679816,13.515825,5.509206
19142,15.69469,4.751021,11.10215,4.189962
19143,20.146198,5.2018375,12.2888155,4.8385587
19144,20.101603,5.197321,12.276928,4.832061
19145,29.41718,6.1407366,14.760239,6.1893654
19146,29.386518,6.1376314,14.752066,6.184898
19147,29.313997,6.130287,14.732733,6.174331
19148,29.303205,6.129193,14.729855,6.1727576
19149,19.982346,5.185244,12.245136,4.8146853
19150,24.722672,5.66531,13.508795,5.5053625
19151,24.839886,5.6771803,13.540041,5.5224414
19152,15.57838,4.7392416,11.071144,4.1730156
19153,20.065079,5.1936226,12.267192,4.8267393
19154,15.571664,4.7385616,11.069353,4.172037
19155,20.298584,5.217271,12.329439,4.860762
19156,15.544047,4.735765,11.061991,4.168013
19157,24.793552,5.6724887,13.52769,5.5156903
19158,24.920229,5.685317,13.561459,5.5341477
19159,29.477112,6.146806,14.776214,6.198097
19160,29.48129,6.147229,14.777329,6.198705
19161,24.713036,5.664334,13.506226,5.503958
19162,24.627094,5.65563,13.483316,5.4914365
19163,15.39493,4.7206635,11.022241,4.1462865
19164,24.902214,5.6834936,13.556657,5.531523
19165,20.165632,5.203806,12.293996,4.84139
19166,29.304895,6.129365,14.730307,6.173005
19167,20.077103,5.1948404,12.270397,4.828491
19168,15.65882,4.7473884,11.092587,4.1847363
19169,29.247456,6.1235485,14.714996,6.164637
19170,15.633165,4.7447906,11.085749,4.180998
19171,20.258556,5.213217,12.318768,4.8549294
19172,20.09055,5.1962023,12.273981,4.8304505
19173,15.42296,4.723502,11.029713,4.1503706
19174,20.022123,5.1892724,12.255739,4.8204803
19175,20.198994,5.207185,12.30289,4.8462515
19176,29.481833,6.1472836,14.777473,6.1987853
19177,29.537416,6.152913,14.792291,6.206884
19178,24.810295,5.674184,13.532154,5.51813
19179,20.231571,5.210484,12.311574,4.8509974
19180,29.306946,6.129573,14.730853,6.173304
19181,29.349434,6.1338744,14.742178,6.1794934
19182,20.13517,5.200721,12.285875,4.8369517
19183,15.648004,4.7462926,11.089704,4.18316
19184,15.366744,4.7178087,11.014728,4.1421795
19185,29.455515,6.144618,14.770457,6.1949506
19186,29.411764,6.1401877,14.758796,6.188576
19187,29.37098,6.136057,14.747923,6.182633
19188,29.447296,6.1437855,14.768267,6.1937523
19189,24.687366,5.661735,13.499382,5.500218
19190,15.492589,4.7305536,11.048274,4.160516
19191,15.568059,4.738197,11.068393,4.1715117
19192,20.166786,5.203923,12.294304,4.841559
19193,24.671013,5.6600785,13.495024,5.4978366
19194,29.349213,6.133853,14.74212,6.179462
19195,15.609448,4.7423882,11.079426,4.177542
19196,24.865755,5.679801,13.546938,5.526211
19197,15.602202,4.7416544,11.077495,4.1764865
19198,29.499462,6.1490693,14.782173,6.201354
19199,15.547026,4.7360673,11.062786,4.1684475
19200,24.78918,5.672046,13.526525,5.5150537
19201,24.688128,5.661812,13.499586,5.5003295
19202,24.762093,5.6693025,13.519303,5.511107
19203,24.960705,5.689417,13.572248,5.5400453
19204,15.679568,4.7494893,11.098118,4.187759
19205,20.019875,5.189045,12.25514,4.820153
19206,15.563285,4.7377133,11.067121,4.1708164
19207,24.95514,5.688853,13.570765,5.5392337
19208,15.575515,4.7389517,11.07038,4.1725984
19209,20.018011,5.188856,12.254644,4.819882
19210,20.15707,5.202939,12.291714,4.8401427
19211,24.822466,5.6754165,13.535397,5.5199027
19212,15.532835,4.7346296,11.059003,4.1663795
19213,24.777267,5.6708393,13.52335,5.5133176
19214,15.641371,4.745621,11.087936,4.1821938
19215,24.75488,5.6685724,13.51738,5.5100555
19216,20.29777,5.217188,12.329222,4.860643
19217,20.27943,5.215331,12.324333,4.8579717
19218,20.183224,5.2055874,12.298687,4.8439536
19219,29.433353,6.1423745,14.764549,6.1917224
19220,24.94861,5.6881914,13.569025,5.538283
19221,24.691399,5.6621428,13.500458,5.500806
19222,20.102018,5.197364,12.27704,4.8321223
19223,15.565967,4.737985,11.067835,4.171207
19224,29.377613,6.136729,14.749691,6.1836
19225,20.013027,5.188351,12.253315,4.8191557
19226,15.375241,4.7186694,11.016993,4.143418
19227,20.22062,5.209375,12.308655,4.849402
19228,24.943562,5.6876802,13.567678,5.537547
19229,29.27562,6.1264,14.722503,6.16874
19230,24.816622,5.6748247,13.533839,5.519051
19231,20.298542,5.217266,12.329427,4.8607554
19232,24.79921,5.6730614,13.529197,5.5165143
19233,24.878288,5.68107,13.55028,5.528036
19234,29.509096,6.1500444,14.784741,6.2027574
19235,29.552208,6.154412,14.796236,6.2090387
19236,15.454293,4.7266755,11.038066,4.154936
19237,24.721512,5.6651926,13.508486,5.5051937
19238,15.526713,4.7340097,11.05737,4.165488
19239,20.115337,5.1987133,12.280589,4.834062
19240,24.647194,5.657666,13.488674,5.494365
19241,24.918203,5.6851125,13.560919,5.533852
19242,20.149532,5.202175,12.289703,4.839044
19243,29.405106,6.1395135,14.757019,6.1876054
19244,20.119816,5.199166,12.281782,4.8347144
19245,20.068935,5.1940136,12.268221,4.8273015
19246,29.468937,6.145978,14.774036,6.1969066
19247,15.549749,4.7363424,11.063512,4.1688437
19248,29.317108,6.130602,14.733562,6.174784
19249,15.411148,4.722306,11.026564,4.1486497
19250,15.571305,4.7385254,11.069258,4.1719847
19251,24.81949,5.6751156,13.534604,5.5194697
19252,24.85976,5.6791935,13.545338,5.5253367
19253,24.80696,5.673846,13.531264,5.5176435
19254,29.359419,6.1348867,14.744841,6.1809497
19255,15.434239,4.7246447,11.03272,4.1520143
19256,24.759146,5.669004,13.518518,5.510677
19257,24.712152,5.6642447,13.505991,5.5038304
19258,15.383017,4.719457,11.019066,4.144551
19259,20.211971,5.208499,12.306349,4.848142
19260,24.76989,5.6700916,13.521381,5.512243
19261,15.516767,4.733002,11.054719,4.1640387
19262,24.682602,5.661252,13.498114,5.499525
19263,24.936138,5.6869283,13.5657,5.5364656
19264,15.523756,4.7337103,11.056582,4.165057
19265,15.62287,4.7437477,11.083004,4.179498
19266,15.636971,4.745176,11.086763,4.1815524
19267,24.806229,5.673773,13.531069,5.517537
19268,29.489511,6.1480618,14.779521,6.199904
19269,24.836697,5.676858,13.53919,5.521976
19270,24.95132,5.688466,13.569747,5.5386777
19271,24.782063,5.6713243,13.524626,5.514016
19272,29.434647,6.1425047,14.7648945,6.1919093
19273,20.048536,5.191947,12.262781,4.82433
19274,20.012253,5.188273,12.253109,4.8190427
19275,24.64407,5.657349,13.487841,5.4939103
19276,24.702621,5.6632795,13.50345,5.5024414
19277,15.562903,4.7376747,11.0670185,4.1707606
19278,20.110691,5.198242,12.27935,4.833386
19279,15.418782,4.7230787,11.028599,4.1497617
19280,24.766953,5.6697946,13.520599,5.5118146
19281,24.83191,5.676373,13.537914,5.52128
19282,24.814674,5.6746283,13.533321,5.518768
19283,24.737196,5.6667814,13.512667,5.507479
19284,20.18652,5.205921,12.299564,4.8444343
19285,24.881027,5.6813474,13.551009,5.5284357
19286,15.590657,4.740485,11.074417,4.1748047
19287,15.355329,4.7166533,11.011683,4.1405163
19288,15.677536,4.749284,11.097576,4.187463
19289,20.149647,5.2021866,12.289736,4.8390613
19290,19.9883,5.1858473,12.246724,4.815553
19291,29.36985,6.135943,14.747622,6.182469
19292,24.688866,5.6618867,13.499783,5.5004373
19293,15.447938,4.726032,11.036371,4.15401
19294,24.90073,5.683343,13.556261,5.5313063
19295,24.79747,5.6728854,13.528734,5.5162616
19296,15.434236,4.724644,11.032719,4.152014
19297,29.521744,6.1513257,14.788113,6.2046003
19298,24.80988,5.674142,13.532043,5.518069
19299,24.871561,5.680389,13.548485,5.527056
19300,29.569195,6.156131,14.800763,6.211514
19301,15.498441,4.7311463,11.049834,4.1613684
19302,20.077778,5.1949086,12.2705765,4.82859
19303,24.814949,5.6746554,13.533394,5.518808
19304,29.424261,6.141453,14.762127,6.1903973
19305,24.797909,5.6729293,13.528851,5.516325
19306,29.452755,6.144339,14.769724,6.194549
19307,24.655449,5.6585026,13.490873,5.4955688
19308,29.351688,6.134104,14.74278,6.1798224
19309,24.7612,5.669212,13.519066,5.5109773
19310,20.115847,5.1987643,12.2807255,4.8341365
19311,15.551488,4.7365184,11.063975,4.1690974
19312,20.23241,5.210569,12.311798,4.8511205
19313,24.856476,5.6788607,13.544463,5.524858
19314,29.495346,6.1486516,14.781075,6.200754
19315,24.684761,5.6614704,13.49869,5.4998393
19316,20.11162,5.198336,12.279598,4.833521
19317,15.350441,4.7161574,11.010381,4.139804
19318,24.82758,5.6759343,13.53676,5.520648
19319,15.636138,4.7450914,11.086541,4.1814313
19320,15.3657255,4.7177057,11.014456,4.1420317
19321,24.799286,5.6730685,13.529218,5.5165253
19322,24.76529,5.669626,13.520155,5.5115724
19323,29.33605,6.1325197,14.738611,6.177544
19324,24.87878,5.68112,13.550411,5.528109
19325,29.454021,6.144467,14.770061,6.194733
19326,29.373158,6.1362777,14.748505,6.1829505
19327,24.765068,5.669604,13.520096,5.51154
19328,15.457562,4.7270064,11.038937,4.1554117
19329,29.386288,6.1376076,14.752004,6.1848636
19330,24.795158,5.672651,13.528117,5.515924
19331,24.859245,5.6791415,13.545202,5.5252624
19332,15.451742,4.726417,11.037386,4.154564
19333,20.290735,5.216476,12.327347,4.8596187
19334,29.293009,6.128161,14.727138,6.171273
19335,15.504893,4.7318,11.051555,4.1623087
19336,15.342268,4.7153306,11.008202,4.1386137
19337,24.711273,5.6641555,13.505756,5.503702
19338,15.533822,4.73473,11.059265,4.1665235
19339,20.277468,5.2151318,12.32381,4.8576856
19340,15.654565,4.746958,11.091454,4.184116
19341,15.388122,4.719974,11.020426,4.1452947
19342,24.802532,5.673398,13.530084,5.516999
19343,24.840939,5.677288,13.540321,5.522595
19344,15.623446,4.743806,11.083158,4.179582
19345,15.390789,4.7202444,11.021137,4.1456833
19346,29.583717,6.1576023,14.804634,6.2136292
19347,19.986204,5.1856346,12.246164,4.815247
19348,20.052479,5.1923466,12.263832,4.8249035
19349,20.124872,5.199678,12.283131,4.8354516
19350,15.500801,4.731385,11.050463,4.161712
19351,24.776243,5.6707354,13.523075,5.5131683
19352,15.464895,4.727749,11.040892,4.156481
19353,15.57853,4.739257,11.071184,4.1730375
19354,20.156046,5.2028346,12.291441,4.839994
19355,15.431186,4.724335,11.031906,4.151569
19356,15.641094,4.7455935,11.087862,4.182153
19357,24.798811,5.6730213,13.529092,5.516457
19358,20.253899,5.2127447,12.317526,4.8542504
19359,24.908419,5.684121,13.558311,5.5324264
19360,15.373044,4.7184467,11.016406,4.1430974
19361,29.418095,6.1408277,14.760483,6.189498
19362,15.3879385,4.7199554,11.020377,4.145268
19363,29.453989,6.144464,14.770052,6.1947284
19364,15.6591,4.7474165,11.092662,4.1847763
19365,20.17571,5.2048264,12.296682,4.842859
19366,15.497632,4.7310643,11.049618,4.16125
19367,29.45993,6.145066,14.771635,6.1955943
19368,29.5944,6.1586833,14.807482,6.2151866
19369,24.87257,5.680491,13.548754,5.527203
19370,20.117693,5.198951,12.281218,4.8344054
19371,24.928213,5.6861258,13.563587,5.5353103
19372,20.286682,5.2160645,12.326265,4.8590274
19373,29.284756,6.1273255,14.7249365,6.17007
19374,29.356035,6.1345444,14.743939,6.1804566
19375,20.0585,5.1929564,12.265438,4.825781
19376,29.319275,6.1308203,14.73414,6.1750994
19377,24.81845,5.67501,13.534328,5.519318
19378,29.47931,6.1470284,14.776801,6.198418
19379,29.592403,6.1584826,14.806951,6.214896
19380,24.724617,5.6655073,13.509312,5.505646
19381,15.410413,4.722232,11.026367,4.1485424
19382,29.449585,6.1440177,14.768875,6.1940866
19383,24.771364,5.670242,13.521774,5.512458
19384,20.31486,5.218919,12.333776,4.863133
19385,24.926287,5.685931,13.563074,5.53503
19386,24.730639,5.666117,13.510919,5.506524
19387,15.598491,4.7412786,11.076506,4.175946
19388,24.700293,5.6630435,13.502829,5.5021014
19389,24.883795,5.6816278,13.551746,5.5288396
19390,24.706116,5.6636333,13.504381,5.5029507
19391,29.27501,6.126338,14.722339,6.16865
19392,29.532902,6.152456,14.791088,6.2062263
19393,15.6570835,4.7472124,11.092125,4.184483
19394,15.61855,4.74331,11.081852,4.178869
19395,20.047655,5.1918583,12.262547,4.824201
19396,15.481084,4.7293887,11.045207,4.158839
19397,20.052364,5.1923347,12.263802,4.824887
19398,20.06859,5.193978,12.268127,4.827251
19399,29.385378,6.137516,14.751762,6.184731
19400,15.4103775,4.722228,11.02636,4.148537
19401,15.669463,4.748466,11.095425,4.186287
19402,24.841606,5.6773553,13.5405,5.522692
19403,24.728916,5.665942,13.510458,5.506272
19404,29.568447,6.156056,14.800564,6.2114053
19405,15.478877,4.729165,11.044619,4.158518
19406,24.899452,5.6832137,13.555921,5.531121
19407,29.505173,6.1496477,14.783696,6.202186
19408,15.434869,4.724708,11.032888,4.1521053
19409,29.544264,6.1536064,14.794117,6.2078815
19410,24.88539,5.681789,13.552172,5.5290713
19411,24.805721,5.6737213,13.530933,5.5174637
19412,20.06528,5.193643,12.267244,4.826769
19413,15.500702,4.7313757,11.050437,4.161698
19414,29.377817,6.1367493,14.749744,6.1836295
19415,15.587134,4.7401285,11.073478,4.174291
19416,15.523173,4.733651,11.056427,4.164972
19417,24.660612,5.659025,13.49225,5.4963202
19418,20.24253,5.211594,12.314496,4.852595
19419,24.824024,5.6755743,13.535813,5.52013
19420,24.679401,5.6609282,13.497259,5.4990582
19421,20.049074,5.1920013,12.262924,4.824407
19422,15.662016,4.7477117,11.093439,4.1852016
19423,29.597633,6.159011,14.808344,6.2156577
19424,20.08827,5.195971,12.273375,4.830118
19425,29.303997,6.1292744,14.730066,6.172874
19426,29.46856,6.145939,14.773934,6.1968517
19427,24.717968,5.664834,13.50754,5.5046773
19428,15.528604,4.7342005,11.057875,4.165763
19429,19.96584,5.1835723,12.240737,4.81228
19430,15.52493,4.733829,11.056896,4.165228
19431,20.046436,5.1917353,12.262222,4.8240237
19432,24.875134,5.6807504,13.5494375,5.5275764
19433,29.58183,6.157411,14.804131,6.2133546
19434,15.392843,4.7204523,11.021685,4.1459823
19435,20.125746,5.1997666,12.283363,4.835579
19436,15.658935,4.7474,11.092618,4.1847525
19437,24.76323,5.669418,13.519608,5.511272
19438,29.31432,6.1303196,14.7328205,6.174378
19439,29.531338,6.1522975,14.79067,6.205998
19440,15.411367,4.722328,11.026623,4.1486816
19441,24.86076,5.6792946,13.545607,5.5254827
19442,29.59089,6.158328,14.806545,6.2146745
19443,20.07801,5.194932,12.270638,4.828624
19444,20.184961,5.205764,12.29915,4.8442063
19445,20.231693,5.2104964,12.311607,4.8510156
19446,20.261135,5.2134776,12.319455,4.855305
19447,20.182133,5.205477,12.298395,4.843795
19448,15.668006,4.7483187,11.095036,4.1860743
19449,20.064222,5.193536,12.266963,4.8266153
19450,29.410587,6.1400685,14.758481,6.1884046
19451,29.23941,6.122733,14.712851,6.1634636
19452,20.244686,5.2118115,12.315071,4.852909
19453,20.109766,5.1981483,12.279104,4.8332505
19454,24.619934,5.6549053,13.481407,5.4903936
19455,15.543443,4.735704,11.06183,4.167925
19456,20.16318,5.203558,12.293343,4.841033
19457,24.810793,5.6742344,13.532286,5.5182023
19458,20.240847,5.2114234,12.314047,4.8523498
19459,20.080164,5.1951504,12.271213,4.8289375
19460,24.716206,5.6646557,13.5070715,5.504421
19461,29.387764,6.137757,14.752398,6.185079
19462,24.704292,5.6634483,13.503895,5.5026846
19463,29.380997,6.137071,14.750593,6.184093
19464,24.69183,5.662187,13.500574,5.5008693
19465,29.552694,6.15446,14.796363,6.2091093
19466,15.410693,4.7222595,11.026443,4.148583
19467,15.522277,4.73356,11.056189,4.1648407
19468,24.709478,5.663974,13.505278,5.5034404
19469,24.765388,5.6696367,13.520182,5.5115867
19470,15.5482435,4.73619,11.06311,4.1686244
19471,20.149834,5.2022057,12.289784,4.839089
19472,29.429214,6.141955,14.763447,6.1911182
19473,20.222034,5.2095184,12.309032,4.849608
19474,29.26084,6.124903,14.718561,6.1665854
19475,20.166992,5.2039433,12.294358,4.841589
19476,29.588402,6.1580763,14.805883,6.214313
19477,15.423684,4.723576,11.029906,4.150476
19478,24.683414,5.6613345,13.49833,5.4996433
19479,29.46405,6.1454835,14.772732,6.1961937
19480,24.816023,5.6747637,13.53368,5.5189643
19481,24.7209,5.6651306,13.508322,5.505104
19482,15.481847,4.729466,11.04541,4.158951
19483,24.650436,5.6579947,13.489539,5.4948378
19484,15.400973,4.7212753,11.023851,4.147167
19485,24.790874,5.6722174,13.526977,5.5153
19486,29.335926,6.1325073,14.738579,6.177527
19487,20.028942,5.189963,12.257559,4.8214746
19488,29.418087,6.140828,14.760479,6.189497
19489,24.782413,5.6713605,13.524721,5.5140676
19490,24.672886,5.660268,13.495523,5.4981093
19491,29.449766,6.1440363,14.768926,6.1941123
19492,19.956469,5.1826234,12.238238,4.8109145
19493,19.988983,5.185916,12.246905,4.8156524
19494,15.406745,4.72186,11.025391,4.148008
19495,24.916277,5.6849174,13.560406,5.5335712
19496,29.346996,6.133629,14.741529,6.1791396
19497,20.253578,5.2127123,12.31744,4.8542047
19498,15.657851,4.7472906,11.092329,4.1845946
19499,15.494477,4.730745,11.048779,4.1607904
19500,20.042562,5.191342,12.261189,4.823459
19501,29.514599,6.1506023,14.786209,6.20356
19502,24.968916,5.6902475,13.574438,5.541241
19503,15.323054,4.7133846,11.00308,4.135814
19504,15.543954,4.7357554,11.061967,4.1679997
19505,24.872849,5.680519,13.548828,5.527244
19506,15.374763,4.7186213,11.016864,4.143348
19507,29.301754,6.1290464,14.729469,6.172547
19508,29.335632,6.1324778,14.738501,6.177483
19509,20.18788,5.206059,12.299927,4.8446317
19510,24.682085,5.6612,13.497975,5.4994497
19511,29.34431,6.133356,14.740814,6.178747
19512,24.8339,5.676575,13.538446,5.521569
19513,24.864634,5.679687,13.546638,5.5260477
19514,20.087984,5.1959424,12.273297,4.830077
19515,29.57468,6.156687,14.802225,6.2123127
19516,15.489146,4.730205,11.047356,4.160014
19517,29.515844,6.150728,14.78654,6.2037406
19518,20.186926,5.205962,12.299673,4.8444924
19519,15.53893,4.7352467,11.060628,4.167268
19520,29.459648,6.1450377,14.771561,6.195553
19521,15.572478,4.738644,11.069571,4.172156
19522,24.751398,5.6682196,13.516452,5.509548
19523,24.73767,5.6668296,13.512793,5.507549
19524,24.802814,5.6734266,13.530159,5.51704
19525,24.866005,5.679826,13.547004,5.526247
19526,29.38514,6.1374917,14.751698,6.1846967
19527,24.90321,5.6835938,13.556922,5.5316677
19528,29.308949,6.129775,14.731386,6.173595
19529,24.735786,5.6666384,13.51229,5.507274
19530,29.552128,6.1544027,14.796213,6.209028
19531,15.452634,4.726507,11.037623,4.154694
19532,24.792429,5.6723747,13.5273905,5.515527
19533,15.663238,4.7478356,11.093764,4.1853795
19534,24.893948,5.6826553,13.554453,5.5303183
19535,29.455475,6.144614,14.770447,6.194945
19536,20.002201,5.187255,12.25043,4.817578
19537,24.722439,5.6652865,13.508734,5.505329
19538,29.395145,6.138504,14.754364,6.1861544
19539,15.526477,4.7339854,11.057308,4.165453
19540,24.758293,5.668918,13.518291,5.5105524
19541,29.461159,6.1451902,14.771963,6.1957726
19542,15.45349,4.726594,11.037851,4.154819
19543,29.547867,6.153971,14.795076,6.2084064
19544,20.233578,5.210687,12.312109,4.8512907
19545,24.828266,5.676004,13.536943,5.520748
19546,24.897749,5.6830406,13.555467,5.530872
19547,29.583189,6.1575484,14.804493,6.213553
19548,29.575485,6.156768,14.802439,6.2124314
19549,24.922318,5.685529,13.562015,5.5344515
19550,15.347032,4.7158127,11.009472,4.1393075
19551,29.496574,6.148777,14.781403,6.200933
19552,15.60843,4.7422853,11.079155,4.1773944
19553,20.314655,5.218898,12.333722,4.8631034
19554,24.848747,5.678078,13.542403,5.5237327
19555,20.164093,5.2036505,12.293587,4.841166
19556,29.471104,6.1461973,14.774613,6.1972227
19557,15.513797,4.732702,11.053928,4.1636057
19558,15.3591795,4.717043,11.012711,4.1410775
19559,24.80488,5.6736355,13.530708,5.517341
19560,15.553763,4.736749,11.064582,4.169429
19561,15.396335,4.7208056,11.022615,4.146491
19562,29.344013,6.133326,14.740733,6.178704
19563,15.610209,4.7424655,11.079629,4.1776533
19564,29.336407,6.132556,14.738707,6.177596
19565,19.997925,5.186822,12.24929,4.816955
19566,29.432747,6.142313,14.764389,6.191633
19567,24.705475,5.663569,13.5042095,5.502857
19568,24.861946,5.6794157,13.545923,5.5256557
19569,29.437145,6.1427574,14.76556,6.192274
19570,24.762287,5.669322,13.519356,5.511135
19571,24.680893,5.6610794,13.497656,5.4992757
19572,20.066437,5.1937594,12.267552,4.826937
19573,24.806007,5.673749,13.53101,5.5175047
19574,29.47948,6.147046,14.776846,6.1984425
19575,29.567215,6.155931,14.800236,6.211225
19576,15.566432,4.738032,11.067959,4.1712747
19577,15.49471,4.730768,11.04884,4.1608243
19578,15.497733,4.7310743,11.049645,4.1612654
19579,29.53724,6.152895,14.792244,6.2068577
19580,24.885931,5.681844,13.552316,5.52915
19581,29.371382,6.1360974,14.74803,6.182692
19582,29.353226,6.134259,14.743191,6.1800466
19583,15.372909,4.7184334,11.01637,4.143078
19584,24.893305,5.6825905,13.554281,5.530225
19585,29.561998,6.155403,14.798845,6.2104654
19586,15.394698,4.72064,11.022179,4.1462526
19587,24.567059,5.6495504,13.467311,5.4826894
19588,20.221134,5.209427,12.308792,4.849477
19589,20.266504,5.2140217,12.320888,4.8560886
19590,24.931335,5.686442,13.56442,5.5357656
19591,20.009796,5.188024,12.252455,4.8186846
19592,24.814926,5.6746535,13.533388,5.5188046
19593,29.32671,6.1315737,14.736122,6.176183
19594,29.474192,6.14651,14.775436,6.1976714
19595,15.420404,4.723243,11.029031,4.149998
19596,15.543906,4.7357507,11.0619545,4.1679926
19597,15.565698,4.737958,11.067763,4.171168
19598,15.584096,4.7398205,11.072667,4.173848
19599,19.991146,5.1861353,12.247483,4.815967
19600,15.519479,4.733277,11.055443,4.1644335
19601,24.742289,5.6672964,13.514025,5.508221
19602,20.073318,5.194457,12.269388,4.82794
19603,24.76816,5.669917,13.520921,5.51199
19604,24.797073,5.6728454,13.528628,5.5162034
19605,29.53394,6.1525607,14.791363,6.2063766
19606,24.947165,5.688045,13.56864,5.538072
19607,15.469111,4.728176,11.042015,4.1570945
19608,29.427101,6.141741,14.762884,6.1908107
19609,20.031502,5.190222,12.258241,4.8218465
19610,24.620876,5.655001,13.481659,5.4905314
19611,20.098928,5.197051,12.276215,4.831671
19612,15.557145,4.7370915,11.065483,4.1699214
19613,29.523544,6.1515083,14.788595,6.204863
19614,20.092176,5.1963673,12.274415,4.830688
19615,15.513425,4.732664,11.053828,4.1635513
19616,15.389918,4.720156,11.020905,4.1455564
19617,29.3231,6.131209,14.735159,6.1756577
19618,29.335575,6.1324716,14.738484,6.177475
19619,20.166641,5.2039084,12.294266,4.841538
19620,15.47956,4.729234,11.0448,4.1586175
19621,15.527221,4.734061,11.057507,4.1655617
19622,20.230896,5.2104154,12.311394,4.850899
19623,29.46315,6.1453915,14.772493,6.1960635
19624,24.904346,5.683709,13.557225,5.531833
19625,24.709673,5.663994,13.505329,5.503469
19626,15.560472,4.7374287,11.066371,4.1704063
19627,24.83633,5.6768208,13.539092,5.521923
19628,15.556785,4.7370553,11.065388,4.169869
19629,24.904295,5.6837034,13.557211,5.531826
19630,29.485409,6.147646,14.778426,6.1993055
19631,15.572677,4.7386646,11.069624,4.172185
19632,15.515628,4.732887,11.054416,4.1638727
19633,24.642258,5.657167,13.487358,5.493646
19634,24.939785,5.6872973,13.566671,5.536997
19635,20.228546,5.210178,12.310768,4.850557
19636,15.366118,4.717746,11.01456,4.1420884
19637,20.021133,5.189172,12.255476,4.820337
19638,24.711163,5.6641445,13.505727,5.503686
19639,29.580463,6.1572723,14.803768,6.213156
19640,15.634204,4.744896,11.086026,4.1811495
19641,24.77976,5.6710916,13.524013,5.5136805
19642,15.535822,4.734932,11.059799,4.166815
19643,24.954159,5.6887536,13.570504,5.5390906
19644,20.062565,5.193368,12.2665205,4.8263736
19645,24.701048,5.6631203,13.503031,5.502212
19646,15.418054,4.7230053,11.028405,4.149656
19647,15.3905,4.720215,11.021059,4.145641
19648,24.682817,5.6612744,13.498171,5.499556
19649,15.366088,4.7177424,11.014552,4.142084
19650,24.920738,5.685369,13.561594,5.5342216
19651,15.440507,4.7252793,11.03439,4.152927
19652,15.642137,4.7456985,11.0881405,4.182305
19653,29.37207,6.136168,14.748214,6.182792
19654,29.420555,6.141078,14.761137,6.189856
19655,29.536274,6.1527967,14.791986,6.206717
19656,24.716318,5.6646667,13.507101,5.5044374
19657,20.032421,5.1903152,12.258485,4.821981
19658,20.066753,5.1937923,12.267637,4.8269835
19659,24.688675,5.661867,13.499732,5.5004096
19660,15.479157,4.729193,11.044693,4.1585584
19661,20.198622,5.2071466,12.302791,4.8461976
19662,15.422289,4.7234344,11.029534,4.1502724
19663,24.793804,5.6725144,13.527758,5.5157275
19664,29.376038,6.13657,14.749271,6.183371
19665,24.73285,5.666341,13.511509,5.506846
19666,24.897999,5.6830664,13.555532,5.5309086
19667,29.309555,6.129837,14.731547,6.1736836
19668,29.322617,6.1311593,14.735031,6.175586
19669,15.4495735,4.7261972,11.036808,4.154248
19670,29.515293,6.1506724,14.786393,6.2036605
19671,24.709215,5.6639476,13.505207,5.503402
19672,20.07234,5.1943583,12.269127,4.8277974
19673,15.654492,4.74695,11.091434,4.1841054
19674,20.229216,5.2102456,12.310946,4.850654
19675,29.370277,6.1359863,14.747735,6.1825314
19676,24.92175,5.6854715,13.561865,5.534369
19677,15.6663,4.7481456,11.094582,4.185826
19678,24.685114,5.6615067,13.498783,5.499891
19679,29.579315,6.157156,14.803459,6.2129884
19680,15.402436,4.7214236,11.0242405,4.14738
19681,15.653436,4.746843,11.091152,4.1839514
19682,19.973513,5.184349,12.242783,4.813398
19683,20.179647,5.205225,12.297733,4.843433
19684,29.455198,6.1445866,14.770374,6.194905
19685,15.376934,4.718841,11.017443,4.1436644
19686,29.281975,6.1270437,14.724196,6.169665
19687,20.27011,5.2143865,12.321847,4.8566127
19688,24.788586,5.671985,13.526366,5.5149665
19689,24.820477,5.6752152,13.534866,5.5196133
19690,29.398731,6.138868,14.75532,6.186677
19691,24.881065,5.681351,13.551018,5.5284414
19692,15.661767,4.747687,11.093372,4.1851654
19693,29.328693,6.1317754,14.73665,6.176473
19694,15.411448,4.7223363,11.026644,4.148693
19695,24.681618,5.661152,13.49785,5.499381
19696,29.347431,6.1336718,14.741646,6.1792026
19697,20.0649,5.1936045,12.267145,4.8267136
19698,24.819927,5.6751595,13.53472,5.5195336
19699,24.657288,5.6586885,13.491365,5.495836
19700,20.188648,5.2061367,12.300131,4.844744
19701,24.596169,5.652499,13.475073,5.486931
19702,15.540929,4.7354493,11.061161,4.167559
19703,29.4506,6.1441207,14.769148,6.1942344
19704,15.49575,4.730874,11.049117,4.1609764
19705,24.841724,5.677367,13.540531,5.5227094
19706,24.936668,5.6869817,13.565841,5.536543
19707,29.419548,6.140976,14.76087,6.18971
19708,15.614379,4.742888,11.08074,4.178261
19709,15.354067,4.716525,11.011347,4.1403327
19710,24.782833,5.6714025,13.524832,5.5141287
19711,29.362068,6.135155,14.745548,6.1813354
19712,24.731655,5.6662197,13.511189,5.5066714
19713,20.066668,5.1937838,12.267614,4.8269715
19714,24.781872,5.671305,13.524576,5.5139885
19715,20.237446,5.211079,12.313141,4.851854
19716,29.371046,6.1360645,14.74794,6.1826425
19717,24.896105,5.6828737,13.555027,5.530633
19718,24.865622,5.679787,13.546903,5.5261908
19719,20.29023,5.216424,12.327211,4.8595448
19720,20.16669,5.2039127,12.294279,4.841544
19721,20.179453,5.205206,12.297681,4.8434043
19722,24.600445,5.6529317,13.476212,5.487554
19723,20.16012,5.203248,12.292527,4.8405876
19724,15.55655,4.7370315,11.065325,4.169835
19725,24.803358,5.6734815,13.530304,5.517119
19726,15.5395,4.735305,11.06078,4.167351
19727,29.57653,6.1568737,14.802717,6.2125826
19728,24.840668,5.67726,13.540249,5.522555
19729,20.208458,5.2081428,12.305412,4.8476305
19730,20.058643,5.192971,12.265474,4.8258023
19731,15.365607,4.717694,11.014423,4.142014
19732,20.17494,5.2047486,12.296478,4.8427463
19733,15.488796,4.7301702,11.047263,4.159963
19734,20.18958,5.206231,12.300381,4.8448796
19735,15.488261,4.7301154,11.047121,4.159885
19736,29.519367,6.151085,14.787479,6.2042537
19737,20.092623,5.196412,12.274535,4.830753
19738,24.873203,5.680555,13.5489235,5.5272956
19739,24.730476,5.6661005,13.510876,5.5065
19740,20.03633,5.190711,12.259527,4.8225503
19741,24.785408,5.6716633,13.525519,5.5145035
19742,15.535516,4.7349014,11.059717,4.1667705
19743,15.55252,4.7366233,11.064251,4.1692476
19744,20.19895,5.20718,12.302879,4.8462453
19745,24.650944,5.6580462,13.489674,5.494912
19746,15.552567,4.7366276,11.064263,4.169255
19747,15.546079,4.7359705,11.062533,4.168309
19748,24.70148,5.663164,13.503145,5.502275
19749,29.371124,6.136072,14.747962,6.182655
19750,24.691753,5.662179,13.500551,5.500858
19751,20.05757,5.1928616,12.265189,4.8256454
19752,24.674362,5.660418,13.495916,5.498324
19753,29.411535,6.1401653,14.758734,6.188543
19754,29.322113,6.1311088,14.734895,6.1755133
19755,24.878803,5.681122,13.550415,5.528112
19756,24.742727,5.6673408,13.514141,5.508285
19757,29.370953,6.1360545,14.747915,6.1826296
19758,15.518476,4.7331753,11.055175,4.1642876
19759,24.751778,5.6682577,13.516552,5.5096035
19760,15.575721,4.738973,11.070435,4.172628
19761,15.365875,4.717721,11.014495,4.142053
19762,15.409652,4.722154,11.026165,4.1484313
19763,24.79691,5.672828,13.528584,5.5161796
19764,15.497855,4.7310867,11.049677,4.161283
19765,20.314793,5.218911,12.333758,4.863124
19766,24.888649,5.68212,13.5530405,5.5295467
19767,20.157013,5.202933,12.291698,4.840135
19768,15.515832,4.732908,11.05447,4.163902
19769,15.502345,4.7315416,11.050875,4.161937
19770,15.409576,4.722147,11.026145,4.1484203
19771,20.176445,5.2049007,12.296878,4.8429656
19772,29.575165,6.1567354,14.802353,6.212384
19773,29.460453,6.1451187,14.771774,6.19567
19774,29.5128,6.15042,14.785728,6.203297
19775,20.222889,5.2096047,12.30926,4.849733
19776,29.552677,6.1544585,14.796359,6.209107
19777,15.616614,4.743114,11.081336,4.1785865
19778,20.206383,5.2079325,12.304859,4.8473277
19779,15.606235,4.742063,11.078569,4.177074
19780,15.640946,4.7455783,11.087822,4.182132
19781,15.561226,4.7375045,11.066571,4.1705165
19782,24.730106,5.666063,13.5107765,5.506446
19783,20.095127,5.1966653,12.275202,4.831118
19784,29.54506,6.153687,14.794329,6.207997
19785,15.659968,4.7475047,11.092894,4.184903
19786,24.865734,5.679798,13.546931,5.5262074
19787,20.055347,5.1926374,12.264598,4.8253217
19788,15.412665,4.7224593,11.026968,4.1488705
19789,24.727741,5.6658235,13.510145,5.5061016
19790,29.338568,6.132775,14.739283,6.177911
19791,20.25052,5.212403,12.316626,4.853759
19792,29.34253,6.1331763,14.74034,6.1784887
19793,29.363167,6.135267,14.745841,6.181495
19794,24.879353,5.6811776,13.550562,5.528191
19795,24.632324,5.6561604,13.48471,5.4921994
19796,20.096464,5.1968007,12.2755575,4.831312
19797,15.763607,4.758001,11.120522,4.2000036
19798,29.526241,6.151781,14.789312,6.205255
19799,20.125515,5.1997433,12.283302,4.835545
19800,15.4937525,4.730672,11.048584,4.160685
19801,15.645175,4.746006,11.08895,4.182748
19802,15.374063,4.7185507,11.016678,4.143246
19803,15.419614,4.723163,11.02882,4.149883
19804,15.582721,4.7396817,11.072301,4.1736484
19805,24.845676,5.677767,13.541584,5.5232854
19806,20.164555,5.2036967,12.293709,4.8412337
19807,20.302895,5.217707,12.330587,4.8613896
19808,29.57833,6.157056,14.803198,6.212845
19809,15.5175,4.7330766,11.054914,4.1641455
19810,24.956497,5.6889906,13.571128,5.539432
19811,24.803558,5.673502,13.530357,5.5171485
19812,24.670612,5.660038,13.494917,5.4977775
19813,20.292973,5.2167015,12.327942,4.8599443
19814,15.660975,4.7476068,11.093163,4.18505
19815,29.488567,6.1479664,14.779269,6.199766
19816,24.638828,5.656819,13.486444,5.4931464
19817,29.487041,6.147812,14.778864,6.1995444
19818,29.556152,6.154811,14.797285,6.209614
19819,20.152412,5.2024674,12.290474,4.839464
19820,15.4881525,4.7301044,11.0470915,4.159869
19821,29.328835,6.13179,14.736689,6.176493
19822,15.428988,4.7241125,11.03132,4.1512485
19823,24.655703,5.658528,13.490942,5.4956055
19824,29.535995,6.152769,14.791912,6.206676
19825,24.642494,5.6571903,13.487421,5.493681
19826,24.803963,5.6735425,13.530465,5.517207
19827,15.425672,4.7237773,11.030436,4.1507654
19828,20.191216,5.2063966,12.300816,4.8451176
19829,24.74889,5.667966,13.515785,5.5091834
19830,20.20212,5.207501,12.303722,4.846707
19831,29.339005,6.132819,14.739399,6.177975
19832,24.716545,5.66469,13.507161,5.50447
19833,29.45103,6.1441646,14.769262,6.1942973
19834,20.269377,5.2143126,12.321652,4.856506
19835,24.873695,5.680605,13.549053,5.527368
19836,15.487643,4.730053,11.046956,4.159795
19837,29.571442,6.1563587,14.801361,6.211841
19838,15.467776,4.7280407,11.041659,4.1569004
19839,19.995928,5.1866198,12.248757,4.816664
19840,15.477702,4.7290463,11.044306,4.1583467
19841,29.491749,6.1482882,14.780117,6.20023
19842,29.3927,6.138257,14.753713,6.185798
19843,29.293072,6.1281667,14.727155,6.171282
19844,24.851294,5.678336,13.543081,5.524103
19845,20.124111,5.199601,12.282928,4.835341
19846,15.41495,4.722691,11.027578,4.149204
19847,29.426508,6.141681,14.762726,6.1907244
19848,15.533035,4.73465,11.059056,4.166409
19849,20.104933,5.197659,12.277815,4.832546
19850,29.388954,6.1378784,14.752714,6.1852527
19851,29.569336,6.1561456,14.800798,6.2115345
19852,20.111834,5.1983576,12.279656,4.833552
19853,29.416248,6.140641,14.759991,6.1892295
19854,20.173634,5.204616,12.296129,4.8425565
19855,24.722147,5.665257,13.508656,5.5052867
19856,29.55972,6.1551714,14.798237,6.210133
19857,29.429985,6.142033,14.763653,6.1912303
19858,24.730825,5.666136,13.510968,5.5065503
19859,24.85365,5.6785746,13.543711,5.524447
19860,24.798653,5.673005,13.52905,5.5164337
19861,29.366463,6.1356,14.746718,6.1819754
19862,15.552914,4.7366633,11.064356,4.169305
19863,24.853348,5.678544,13.54363,5.5244026
19864,24.900404,5.6833096,13.556173,5.531259
19865,20.259445,5.2133064,12.319005,4.8550596
19866,15.433803,4.7246003,11.032602,4.1519504
19867,15.531512,4.7344956,11.058651,4.166187
19868,15.623034,4.743764,11.083047,4.1795216
19869,15.665563,4.748071,11.094384,4.1857185
19870,20.013199,5.1883683,12.253361,4.8191805
19871,24.92591,5.685893,13.562973,5.534975
19872,24.943275,5.6876516,13.567602,5.5375056
19873,24.780579,5.6711745,13.524231,5.5137997
19874,15.627975,4.7442646,11.084365,4.180242
19875,15.489734,4.7302647,11.047514,4.1600995
19876,20.150583,5.2022824,12.289986,4.839198
19877,24.716692,5.664705,13.507201,5.504492
19878,29.391281,6.138113,14.753334,6.185591
19879,20.1361,5.2008157,12.286125,4.837088
19880,29.362865,6.1352353,14.74576,6.181452
19881,20.01475,5.188525,12.253775,4.8194065
19882,15.612153,4.7426624,11.080147,4.1779366
19883,20.25189,5.2125416,12.316992,4.8539586
19884,15.399114,4.7210875,11.023356,4.146896
19885,15.389098,4.7200727,11.020686,4.1454363
19886,15.593619,4.740785,11.075207,4.1752357
19887,20.176193,5.2048755,12.296811,4.8429294
19888,29.4904,6.1481514,14.779757,6.2000337
19889,20.227352,5.2100563,12.31045,4.8503833
19890,15.483918,4.729676,11.045962,4.1592517
19891,29.47239,6.146328,14.774957,6.197409
19892,29.436947,6.142738,14.765509,6.192245
19893,29.521957,6.1513467,14.788172,6.2046313
19894,15.580898,4.739497,11.0718155,4.1733828
19895,29.343044,6.1332283,14.740475,6.1785626
19896,29.573158,6.1565332,14.801819,6.212091
19897,15.44847,4.7260857,11.036513,4.1540875
19898,29.310766,6.1299596,14.731872,6.1738596
19899,24.802574,5.673402,13.530094,5.5170045
19900,20.007488,5.1877904,12.251839,4.818349
19901,15.500203,4.7313247,11.050303,4.161625
19902,29.422302,6.1412544,14.761604,6.1901116
19903,20.164753,5.203717,12.293762,4.8412623
19904,15.564414,4.737828,11.067421,4.1709805
19905,24.715958,5.66463,13.507004,5.5043845
19906,20.251965,5.212549,12.317011,4.853969
19907,29.512697,6.150409,14.785702,6.203282
19908,29.330824,6.131991,14.737217,6.1767826
19909,15.554614,4.736835,11.064809,4.169553
19910,24.807238,5.6738744,13.531338,5.5176845
19911,29.304874,6.129363,14.730301,6.1730022
19912,20.288818,5.2162814,12.326836,4.859339
19913,24.734283,5.6664863,13.51189,5.5070543
19914,29.473354,6.1464252,14.775213,6.1975503
19915,29.42611,6.1416407,14.762619,6.1906657
19916,15.637678,4.7452474,11.086952,4.1816554
19917,15.413793,4.7225733,11.027269,4.149035
19918,24.949623,5.6882944,13.569295,5.5384307
19919,29.388842,6.1378665,14.752685,6.1852365
19920,24.745575,5.6676297,13.5149,5.5087004
19921,15.398053,4.7209797,11.023074,4.146742
19922,24.676672,5.660651,13.496532,5.49866
19923,20.270151,5.2143908,12.321859,4.8566194
19924,29.43048,6.142083,14.7637825,6.191303
19925,24.777966,5.6709104,13.523535,5.513419
19926,15.568487,4.7382402,11.068506,4.171574
19927,29.354961,6.1344357,14.743652,6.1802998
19928,24.796535,5.6727905,13.528484,5.5161247
19929,15.504693,4.7317796,11.0515,4.162279
19930,15.398579,4.721033,11.023213,4.146818
19931,15.347604,4.7158704,11.0096245,4.139391
19932,24.891766,5.682435,13.553871,5.53
19933,29.523588,6.1515126,14.788605,6.2048693
19934,24.740572,5.6671233,13.513567,5.5079713
19935,29.373112,6.1362734,14.748491,6.182944
19936,29.344585,6.133385,14.740887,6.1787877
19937,24.684746,5.661469,13.498684,5.4998364
19938,20.032906,5.1903644,12.258615,4.8220515
19939,20.12831,5.200026,12.284047,4.8359523
19940,20.082375,5.1953745,12.271801,4.8292603
19941,15.627495,4.744216,11.084237,4.180172
19942,15.606791,4.7421193,11.078718,4.177155
19943,29.341782,6.1331005,14.74014,6.1783795
19944,24.921844,5.685481,13.56189,5.5343823
19945,29.380436,6.137015,14.750443,6.184011
19946,20.051746,5.1922727,12.263637,4.8247967
19947,20.143942,5.201609,12.288215,4.83823
19948,29.334164,6.132329,14.73811,6.1772695
19949,24.632225,5.65615,13.484684,5.4921846
19950,20.175884,5.204844,12.29673,4.8428836
19951,20.2168,5.208988,12.307636,4.848845
19952,20.091688,5.1963177,12.274284,4.8306165
19953,24.909277,5.684208,13.55854,5.532552
19954,20.290173,5.2164183,12.327196,4.8595366
19955,20.1334,5.2005415,12.285404,4.836694
19956,29.671486,6.16649,14.828031,6.226418
19957,15.591678,4.7405887,11.074689,4.1749535
19958,15.467813,4.7280445,11.04167,4.156906
19959,15.549117,4.7362785,11.063343,4.168752
19960,24.682125,5.661204,13.497986,5.499455
19961,20.144457,5.2016616,12.288353,4.838305
19962,24.835531,5.6767397,13.538879,5.5218067
19963,20.089725,5.196119,12.273761,4.8303304
19964,29.501745,6.1493006,14.7827835,6.2016864
19965,24.933016,5.686612,13.564867,5.5360103
19966,29.382883,6.1372633,14.751097,6.1843677
19967,15.377677,4.7189164,11.017641,4.1437726
19968,29.470543,6.14614,14.774464,6.19714
19969,20.113564,5.1985326,12.280115,4.8338037
19970,29.501617,6.149287,14.782747,6.2016673
19971,24.652315,5.6581845,13.490038,5.4951115
19972,24.834911,5.676677,13.538715,5.521716
19973,29.599628,6.1592135,14.808876,6.2159486
19974,29.484713,6.147576,14.778242,6.199204
19975,20.02827,5.189895,12.25738,4.8213763
19976,20.082764,5.1954136,12.271906,4.829316
19977,20.16654,5.203898,12.294239,4.8415227
19978,15.503456,4.731654,11.05117,4.162099
19979,24.833992,5.6765833,13.538469,5.521583
19980,15.45456,4.7267027,11.038136,4.1549745
19981,20.063875,5.193501,12.266871,4.8265643
19982,29.52362,6.1515164,14.788612,6.2048736
19983,24.944424,5.687768,13.567909,5.537673
19984,20.128359,5.2000303,12.28406,4.83596
19985,29.483902,6.1474943,14.778024,6.199087
19986,19.98408,5.18542,12.245598,4.8149376
19987,20.040901,5.1911745,12.260746,4.8232164
19988,20.233967,5.2107263,12.312212,4.851347
19989,20.173956,5.204649,12.296215,4.842603
19990,15.441119,4.7253413,11.034553,4.1530166
19991,20.294846,5.216892,12.328442,4.8602166
19992,15.466559,4.7279177,11.041335,4.156723
19993,29.434692,6.142509,14.764906,6.191916
19994,24.678268,5.6608133,13.49696,5.4988923
19995,20.097633,5.1969204,12.27587,4.8314834
19996,29.323368,6.131236,14.735229,6.175696
19997,20.055689,5.192672,12.264688,4.8253713
19998,24.804592,5.673607,13.530631,5.517299
19999,20.052147,5.1923127,12.263743,4.8248544
